1	2	10	11	12	13	14	30	31	32	39	40	57	64	65	66	67	68	81	82	89	90	91	92	93	94	95	96	97	98	99	100	101	102	129	130	131	132	133	134	141	142	143	144	161	162	163	164	165	166	167	168	172	173	174	175	192	193	194	195	196	197	204	218	219	220	221	222	223	241	242	243	244	245	253	254	255	273	274	275	276	277	278	279	283	284	285	291	301	302	303	304	305
1	2	10	11	12	13	14	15	25	26	35	42	43	44	45	46	47	51	52	59	60	61	62	63	69	85	86	92	93	94	95	96	113	114	139	151	152	153	154	155	156	157	158	178	179	180	181	194	195	208	209	218	231	232	233	239	240	241	242	243	244	245	249	250	251	252	253	254	255	256	257	258	259	260	261	264	265	266	267	268	269	284	285	286	287	288	289	290	291
15	19	20	21	22	23	24	37	38	39	40	41	42	43	44	45	46	47	48	49	50	51	66	67	68	77	78	79	80	81	82	83	84	85	86	87	88	89	90	91	92	104	105	106	123	124	125	126	127	133	134	135	136	142	143	144	145	156	157	171	172	194	195	196	197	211	220	221	222	223	224	225	226	227	228	229	235	236	237	238	239	240	241	242	243	244	245	251	252	253	254	255	256	257	258	259	260	261	262	263	264
1	2	3	4	5	6	7	8	9	10	11	12	13	33	34	35	36	37	38	39	40	54	55	56	57	58	59	60	61	62	63	64	65	66	67	68	69	70	71	78	79	80	81	82	99	100	101	119	120	121	122	123	124	125	126	127	128	129	130	131	132	133	134	135	136	137	138	139	140	141	142	143	144	145	146	147	148	158	159	160	161	162	177	186	187	190	191	192	193	194	195	196	197	198	199	209	215	216	217	218	219	225	226	227	228	253	272	273	274	275	276	277	278	279	280	281	282	283	284	285	286	293
1	2	3	30	31	32	33	34	35	36	37	38	58	59	60	61	62	63	64	65	66	67	68	69	70	74	75	76	77	102	125	126	127
1	2	20	21	22	41	42	43	44	45	49	50	51	52	53	54	55	81	82	83	106
1	2	10	11	19	20	21	22	33	34	35	36	37	38	39	40	41	42	43	44	45	46	47	48	49	50	51	52	53	54	55	56	57	58	59	60	61	62	63	64	65	66	67	68	69	70	71	72	73	74	75	76	77	78	79	80	81	82	83	89	90	91	92	93	94	95	96
1	2	6	7	8	9	10	11	12	13	14	15	16	17	18	22	23	24	25	33	34	35	36	37	38	55	56	66	67	68	69	70	71	72	73	74	75	85	86	87	88	89	90	91	92	93	94	95	96	97	98	99	100	101	102	103	104	105	106	107	108	109	110	120	121	122	123	124	125	126	127	128	129	130	131	132	133	137	138	139	140	141	142	143	144	145	146	147	148	149	150	158	159	160	167	168	169	170	171	172	173	174
1	2	3	4	5	6	7	10	11	12	13	14	15	16	17	18	19	20	21	39	40	41	42	43	44	45	46	47	48	49	50	57	58	59	60	61	62	63	64	65	83	84	85	91	92	93	94	95	96	97	98	99	100	127	128	129	130	138	139	140	141	142	143	144	145	146	147	148	149	150	151	152	153	154	155	156	157	158	159	160	161	162	163	164	165	166	167	179	180	181	182	183	184	185	186	187	195	196	197	198	199	200	201	202	203	204	205	206	207	208	209	210	211	212	213	214	215	221	222	241	242	249	250	251	252	253	254	255	288	289	295	296	297	298	299	300	301	302	303	311	312	313	320	321	322	323	324	330	331	332
1	2	3	4	5	6	7	8	9	10	11	12	13	14	15	22	23	24	25	26	27	28	29	30	31	32	33	34	35	36	37	38	39	40	44	45	46	47	48	55	56	57	64	65	66	67	73	74	75	76	77	78	79	80	81	82	83	84	85	86	87	91	92	93	94	95	96	97	98	99	100	107	108	109	116	117	118	119	125	129	130	135	136	137	138	139	140	141	142	143	144	145	149	150	151	152	153	160	161	162	169	170	171	172	178	179	180	181	182	183	184	185	186	187	192	193	194	195	205	206	207	208	209	210	211	212	213	214	215	216	217	218	219	220	221	229	230	237	238	239	240	246	247	248	249	250	251	252	253	254	255	256	257	258	259	260	261	262	263	264	265	266	270	271	272	273	274	275	282	283	284	291	292	293	294	300	301	305	306	307	308	309	310	311	312	313	314	315	316	317	318	319	320	321	322	323	324	325	326	333	334	335	342	343	344	345	351	352	353	354	355	356	357	358	359	360	361	362	363	364	365	366	367	368	369	370	371	372	373	374	375	376	377	378	387	388	389	398	399	400	401
1	2	3	4	5	6	7	8	9	10	15	16	17	18	19	20	21	22	23	24	25	26	27	28	29	30	31	32	39	40	41	42	43	44	45	50	51	52	56	57	58	62	63	64	65	66	71	72	73	74	75	76	77	78	79	80	81	82	83	84	85	86	87	88	89	90	99	103	104	115	116	117	118	119	120	124	125	126	134	135	136	137	138	145	146	147	148	149	150	155	156	157	158	159	160	161	162	163	164	165	172	177	183	184	185	186	187	188	189	190	191	192	193	194	195	196	197	198	199	200	201	202	203	210	211	212	213	214	221	222	223	224	225	226	227	228	229	240	241	242	243	247	248	249	250	251	252	253	254	255	256	257	258	259	260
8	9	10	11	19	20	21	22	32	33	34	35	36	45	46	47	71	72	73	74	83	84	85	110	111	112	118	119	120	121	134	135	136	137	138	139	145	146	147	148	169	170	171	172	173	174	175	176	182	183	198	199	205	206	218	219	222	231	232	233	238	239	240	241	242	243	244	253	254	255	258	259	260	261	262	263	264	265	266	278	279	282	301	302	303	331	349
1	2	9	10	11	12	13	30	31	32	33	34	35	43	44	45	53	54	55	56	65	66	67	68	69	70	71	72	73	87	88	89	90	91	107	108	109	110	111	112	121	122	123	124	125	126	127	128	129	130	131	153	154	155	156	157	158	159	160	161	162
1	2	3	12	13	22	37	38	39	40	41	42	43	44	45	46	47	48	49	50	51	52	53	54	55	65	66	72	73	74	75	86	87	95	96	97	98	99	103	104	105	106	107	108	109	110	111	115	126	127	128	129	136	141	142	143	144	145	146	147	148	149	150	165	166	167	168	169	170	171	172	173	178	179	180	181	182	183	184	185	200	201	202	203	204	210	211	212	213	214	215	216	217	218	219	220	221	226	227	228	229	230	231	232	237	238	239	240	241	242	243	244	249	250	251	252	257	258	259	260	261	262	263	264	265	266	267	268	276	277	285	286	287	288	289	290	291	292	293	307	308	309	316	317
1	2	3	27	43	44	45	46	47	48	49	50	51	64	65	69	70	71	84	85	86	98	102	103	104	105	124	125	126	139	140	141	142	161	162	163	164	182	183	184	185	196	197
20	21	22	23	24	25	46	47	48	49	50	51	52	53	54	55	65	66	67	68	69	78	79	80	81	82	83	84	85	86	87	88	89	90	91	92	93	94	95	96	97	98
1	2	3	11	12	27	28	29	30	39	40	41	42	46	47	48	49	50	51	52	53	54	55	56	65	66	67	68	69	70	81	82	83	84	85	91	92	93	108	109	113	114	115	121	131	132	133	134	135	136	137	138	146	147	148	149	150	163	164	172	185	186	187	188	189	190	191	205	206	207	208	209	231	232	233	234	235	236	237	238	239	240	241	242	243	244	245	246	252	253	254	255	265	279	280	281	292	293	294	295	306	307	314	315	316	317	325	326	327	328	329	330	336	337	338
1	4	5	13	14	15	16	32	33	34	35	36	52	53	54	55	56	57	58	59	60	61	62	63	64	65	66	67	71	72	73	74	88	89	90	91	92	93	94	95	96	97	98	99	100	101	102	103	104	136	137	150	153	154	155	156	157	158
1	2	3	4	5	6	7	12	13	14	15	16	17	18	19	20	21	22	23	36	37	38	39	43	44	45	46	47	80	81	88	102	103	104	105	113	114	115	116	117	118	119	120	121	122	123	124	125	126	127	128	129	159	160	161	162	163	173	180	181	182	183	184	195	196	204	205	206	207	208	209	210	218	221	222	223	224	225	226	227	240	241	242	251	252	259	260	261	262	263	264	265	279
1	2	3	4	5	6	7	8	9	10	11	12	13	25	26	27	28	29	30	36	37	38	39	40	41	42	43	63	64	86	87	88	89	90	91	92	93	94	95	117	118	119	120	121	122	123	129	130	131	132	133	134
1	2	3	4	5	13	14	15	16	19	20	21	22	23	27	28	35	44	45	46	47	48	59	64	65	69	70	71	72	73	74	75	79	80	84	85	86	95	96	102	103	104	105	106	112	113	114	115	116	120	121	122	123	124	125	126	127	128	129	132	133	134	135	140	144	145	146	147	148	152	153	154	155	159	160	161	162	172	173	174	175	185	186	187	188
1	2	3	4	5	6	7	8	9	10	17	18	19	20	24	25	26	27	28	29	30	31	32	33	34	41	51	52	53	54	55	56	57	58	59	60	61	62	63	72	76	77	82	83	84	85	86	90	91	92	93	102	103	104	105	106	107
58	75	76	77	78	79	80	81	91	92	93	94	95	96	104	105
1	7	8	9	10	23	24	25	26	27	32	33	37	41	42	43	48	49	50	51	52	53	54	59	60	65	77	78	79	80	81	82	83	84	85	86	87	88	89	90	91	108	109	121	127	128	129	130	131	154	155	156	157	158	159	160	161	162	163	164	165	181	189	190	202	203	210	211	212
1	2	3	4	5	6	7	8	9	10	11	12	13	14	15	16	17	55	73	74	75	76	77	78	113	114	115	116	117	118	124	125	126	127	128	129	130	131	132	133	134	135	136	137	138	153	154	155	156	190	191	192	193	194	195	208	209	210	211	212	213	214	215	216	217	218	219	220	221	222	223	224	225	226	227	228	229	230	231	232	233	234	235	236	237	238	239	240
1	2	3	4	5	12	13	14	15	16	17	18	19	20	21	22	23	24	25	26	27	28	29	30	31	32	33	40	41	54	55	56	57	58	66	67	80	81	85	88	89	90	99	100	101	102	107	108	124	125	130	131	132	133	134	135	152	153	157	176	177	178	179	180	190	191	192	193	194	195	202	203	210	230	231	241	242	243	244	250	251	252	253	262	263	264	265	273	274	275	276	277	286	287	288	293	294	295	296	297	298	299	300	301	302	308	309	315	316	317	318	319	320	321	322	323	324	341	342	343	344	345	346	369	370	373	374	375	376	377	378	379	380	381	382	383
1	2	17	24	25	26	27	32	33	34	35	36	55	56	57	58	59	83	84	106	107	108
1	5	6	10	11	12	13	14	15	23	33	34	37	54	55	56	57	58	76	85	86	87	88	89	90	91	92	93	94	95	96	97	98	99	100	108	109	110	126	127	128	129	130	131	132	133	134	135	136	137	138	139	140	141	142	143	156	157	158	159	160	166	167	168	169	170	174	175	176	177	184	185	191	192	193	194	195	196	197	198	213	214	220	221	229	230	236	237	238	239	240	248	249	252	253	254	268	269
1	5	6	7	8	16	17	18	19	23	27	28	29	30	43	44	45	46	47	48	49	55	56	57	58	59	64	65	66	67	68	74	75	76	77	78	79	88	89
1	2	3	4	5	10	11	26	27	28	34	35	49	50	51	56	57	58	59	69	70	71	72	73	78	79	80	97	98	99	100	105	106	117	118	119	120	139	140	141	142	151	152	153
1	29	30	38	39	40	41	42	43	53	54	65	66	67	74	75	85	86	87	88	97	98	99	100	101	102	103	104	105	106	119	120	129	130	131	132	133	134	135	136	137	138	141	144	145	154	155	167	170	171	172	173	174	199
1	2	3	4	5	6	7	8	9	10	11	12	13	14	17	18	21	22	23	24	31	32	33	40	41	42	58	59	60	61	62	70	71	85	86	87	88	94	95	103	104	105	106	107	108	114	115	116	117	118	125	126	127
1	10	11	19	20	21	22	23	24	25	26	27	28	29	30	31	32	33	34	44	54	55	56	57	58	59	60	61	62	63	64	65	66	67	76	77	78	79	80	81	82	83	84	85	86	90	91	92	95	96	97	98	105	111	112	113	114	115	116	117	118	119	122	123	124	125	126	127	128	129	130	131	132	133	134	135	136	141	150	151	181	182	183	184	185	186	192	193	208	209	210	217	229	230	235	236	237	238	239	251	252	253	254	255	260	261	262	263	264	265	266	267	268	269	270	276	277	278	290	291	292	293	298	299	300	301	302	303	304	305	306	307	308	309	316	317	318	319	320	329	330	335	336	337	353	354	355	382	383	384	389	390	391	392	393	394	395	396
1	2	10	11	12	13	14	15	16	21	22	23	27	33	34	35	36	42	43	44	45	46	47	48	54	55	56	57	61	62	73	74	83	84	85	86	87	88
1	2	3	11	12	13	14	15	29	30	31	32	33	34	35	36	37	38	39	64	65	66	67	93	101	102	103	104	105	117	118	119	120	127	128	129	130	131	132	133	134	152	153	154	155	156	162	163	164	165	166	185	186	187	188	201	202	209	210	211	229	230	231	232	233	240	241	242	243	244	245	246	247	248	249	250	264	265	270	271	272	273	274	275	276	283	284	285	286	287	288	289	290	291	292	293	297	301	302	303	304	305	306	326	327	328	329	330	340	341	342	343	344	345	346	353	354	355	356
1	2	3	26	27	28	29	30	36	37	38	39	40	41	60	61	67	68	69	76	77	78	79	80	88	89	90	91	92	93	94	95	96	97	98	99	100	101	102	103	104	107	108	109	110	114	115	116	117	118	119	139	140	141	142	143	151	152	153	154	155	156	168	169	170	171	176	177	180	181	187	197	198	199	200	201	202	203	204	205	213	214	215	216	217	218	219	220	221	229	230	248	256	257	265	266	267	268	269	270	271	277	289	290	291	292	307	308	309	310	311	312	313	314	315	316	317	318	319	320	323	324	325	328	339	340	341	342	352	353	354	355	370	371	376	377	378	379	380	381	382	385	386	387	388	405	406	407	408	413	414	415	422	423	424	427	428	431	432	433	434	435	436	437	438	439	440	441	442	443	467	468
1	46	47	48	62	63	64	65	66	99	100	101	102	106
1	2	3	4	5	6	7	8	13	33	34	35	36	45	46	47	55	56	72	73	87	92	93	112	118	119	120	121	130	131	134	135	136	137	143	144	149	154	155	161	162	163	164	165	166	167	168	169	170	175	176	177	178	179	180	181
1	2	3	8	9	10	11	12	13	14	15	16	27	28	29	30	31	32	48	56	65	79	80	81	82	83	84	85	86	87	88	89	90	91	92	102	103	104	105	106	107	108	109	110	111	112	113	114	121	122	123	124	132	138	139	149	153	154	155	156	163	164	165	166	167	168	169	179	180	191	192	193	194	195	196	197	198	199	200	206	207	208	215	216	217	218	219	220	221	222	223	224	230	231	232	236	237	238	239	240	241	242	243	244	245	250	259	260	261	262	263	264	265	266	267	275	280	281	282	291	292	293	294	295	296	297	298	299	300	301	302	303	315	316	321	322	323	324	325	326	327	333	334	335	336	337	344	350	359	360	367	368	369	370	371
1	2	3	4	5	6	11	12	13	19	20	21	22	23	24	25	26	34	35	36	37	38	46	47	48	49	50	55	56	61	62	63	64	73	74	75	76	80	81	82	83	84	85	94	95	96	97	98	99	100	101	102	103	109	110	111	112	113	124
1	2	3	4	5	6	7	8	9	10	11	12	13	14	15	16	17	18	19	20	21	22	23	24	25	26	27	28	29	30	31	32	47	48	54	55	56	65	100	129	130	131	172	178	179	222	223	256	257	292	293	294	295	296	297	298	299	320	321	322	323	324	325	326	327	328	329	330	331	339
1	2	3	4	5	6	7	8	9	10	17	18	19	20	21	22	23	24	25	26	27	28	29	30	31	56	57	58	59	76	77	78	79	80	81	88	89	90	91	92	93	94	95	96	100	101	102	103	104	114	115	116	117	123	124	125	126	127	128	129	142	143	155	185	186	190	191	212	213	214	215	236	237	238	239	257	258	259	260	261	262	263	264	265	266	267	276	290
1	2	11	12	13	14	15	27	28	29	30	31	36	37	38	39	40	41	42	43	50	51	52	53	54	60	61	62	63	67	68	69	70	86	87	88	89	90	91	99	100	101	131	132	151	152	158	159	160	161	162	163	164	177	178	179	180	184	185	186	187	188	189	196	197	198	199	200	201	202	203	204	205	206	207	208	209	210	211	212	213	214	215	222	231	232	233	234	251	252	253	262	263	264	265	266	267	276	277	287	288	289	290	291	292	293	302	303	315	316	317
1	2	3	4	5	26	27	28	29	30	35	36	37	38	39	40	47	48	60	61	71
1	41	42	43	49	50	71	100	101	102	103	104	105	143	144	145	146	147	148	149	150	151	152	153	173	200	206	239	240	241	242	248	249	250	292
1	2	3	4	5	6	7	14	15	18	33	34	66	95	96	97	98	118	119	144	169
1	2	3	4	5	6	7	8	9	10	13	32	33	34	35	41	42	48	49	59	60	61	62	63	64	65	66	67	68	69	79	80	81	82	83	84	85	86	95	96	97	98	109	110	111	112	119	120	121	127	137	138	139	140	141	151	152	153	154	155	169	170	171	172	186	187	188	189	190	191	192	193	208	209	210	211	212	221	222	232	233	234	235	236	237	238	239	251	252	268	277	286	287	288	289	290	301	302	303	304	305	306	307	308	317	318	328	332	333	334	335	336	337	338	339	340	349	350	351	352	353	354	355	358	362	368	369	370	371	372	373	374	375	376	384	385	386	387	388	389	398	399	400	401	402	403	404	405	406	407	408	411	412	413	420	421	426	427	428	429	430	431	432	433	434	435	436	437	438	439	440
1	2	3	27	28	29	30	41	42	43	47	48	49	50	51	52	53	54	55	56	57	58	59	60	64	65	69	70	71	75	76	77	78	84	85	100	101	105	106	107	108	109	110	120	121	122	128	129	130	146	147	148	154	155	156	157	158	159	160	161	170	171	172	173	174	175	176	177	183	184	185	186	187	188	189	190	191	192	193	194	195	202	203	204	205	206	207	208	209	222	223	231	243	244	245	250	256	257	258	259	260	261	276	277	281	282	283	284	285	297	298	299	300	339	340	349	353
1	2	10	11	12	13	14	15	19	20	21	22	23	24	25	26	27	28	29	30	31	35	36	51	52	69	70	71	72	73	81
1	2	3	4	5	6	7	8	9	10	11	12	13	14	15	16	17	18	19	40	41	42	43	44	50	51	52	53	54	55	56	57	58	59	60	61	62	63	64	65	66	67	68	69	70	71	72	73	77	78	79	80	81	82	83	87	88	89	90	91	92	93	99	100	101	102	103	104	105	111	112	113	114	115	116	117	118	119	120	121	127	128	129	130	131	132	133	134	135	136	140	141	142	143	153	154	155	156	157	158	167	168	169	170	171	172	173	174	175	181	182	183	184	185	194	195	196	197	198	209	210	211	212	213	225	226	227	228	236	237	238	239	240	241	242	243	244	245	246	247	248	249	250	258	259	267	268	269	270	271	283	284	285	286	287	288
1	2	3	4	5	6	7	19	20	21	22	23	24	25	26	27	28	29	30	31	32	39	40	41	42	62	63	77	78	79	80	81	82	85	86	87	88	89	90	91	95	96	97	98	99	100	101	105	106	107	108	109	110	114	115	129	130	131	132	133	134	135	136	137	138
1	16	40	41	51	52	53	54	55	56	57	58	67	68	69	70	88	89	95	96	97	105	106	116	117	118	119	120	121	122	123	124	139	140	141	142	143	159	160	161	162	163	164	165	166	167	168	169	170	194	195	196	197	198	203	211	212	213	214	219	220	226	227	228	229	230	249	256	257	258	259	260	261	262	276	285	286	287	288	312	313	314	323	324	325	334	335	336	337	338	339	340	349	350	362	363	364	365	366	367	371	372	380	381	382	383	412	424	435	436	437
23	24	25	26	27	28	29	30	31	32	69	96	97	104	105	106	107	108	109	119	120	151	152	153	154	155	156	157	158	159	160	165	166	167	173	174	175	176	188	189	190	191	192	193	194	201	223	224	233	234	235	236	237	238	239	240	256	257	258	259	260	261	262	263	264	265	276	277	278	293	304	305	306	307	308	319	328
1	2	3	4	5	6	7	8	14	15	22	23	30	31	32	33	40	41	48	49	50	51	74	75	84	85	86	87	93	94	100	101	102	103	104	105	110	111	112	113	118	119	120	121	122	129	130	145	146	147	148	149	150	151	152	153	158	159	160	161	162	163	164
1	2	3	11	12	27	28	29	34	35	36	37	38	39	40	47	48	49	50	56	57	58	59	74	86	87	88	89	90	91	92	93	94	100	111	112	113	114	115	116	130	131	132	133	134	135	136	137	143	144	145	146	147	148	165	166	170	171	172	173	174	175	179	180	181	182	183	189	190	201	214	215	216	217	218	219	231	232	233	234	235	236	237	238	243	244	250	251	252	253	259	260	261	264	265	266	267	268	269	270	305	306	307	308	309	310	316	317	326	327	328	329	330	331	332	333	348	349	350	351	360	361	362	363	364
53	54	80	81	82	83	84	105	106	132	133	160	161	162	163	164	165	166	167	168	169	172	173	174	175	176
1	2	3	4	5	6	7	8	12	13	14	24	25	26	27	28	29	30	39	40	46	47	48	62	63	64	65	66	67	68	69	79	85	86	87	88	94	95	101	102	103	104	105	106	111	112	113	114	115	125	126	127	128	129	130	131	132	133	134	135	140	144	145	148	152	153	159	160	161	162	163	164	165	166	167	176	177	178	179	180	181	182	183	184	185	186	187	188	189	190	198	205	206	213	214	215	220	221	222	223	224	231	232	233	234	235	244	245	246	247	248	249	250
1	2	3	4	5	6	23	30	31	32	33	34	35	36	37	44	45	46	47	48	56	81
1	2	3	4	13	14	15	16	25	26	27	34	35	36	52	53	54	55	56	60	61	62	72	73	83	84	85	86	92	93	106	107	108	109	110	111	112	113	114	115	116	117	118	119	120	121	122	123	124	125	143	144	145	160	161	162	163	169	170	171	172	173	174	175	176	177	178	179	180	181	182	183	184	185	186	192	193	194	195	196	217	218	219	220	221	222	223	224	225	226	227	228	229	230	231	242	243	244	256	257	258	259	260	261	262	263	264	265	266	279	280	281	282	283	284	285	298	299	300	301	302	303	304	305	306	307	308	309	310	311	312	313	314	315	316	317	318	319	320	321	322	323	354	355	356	357	367	368	369	375	376	377	378	384	401	402	403	404	405	406	407	408	409	410	411	412	413	414
1	2	3	4	5	6	7	8	9	10	11	12	13	14	15	16	31	32	33	34	54	68	69	70	71	72	114	115	116	117	126	127	128	129	130	131	132	133	147	148	149	150	170	171	178	179	180	181	188	189	190	191	192	193	194	195	215	216	236	237	238	239	240	241	242	260	261	262	263	264	265	266	279	280	281	282	283	284	285	286
1	7	8	24	30	44	45	46	47	48	49	50	51	52	53	54	55	56	71	72	73	78	79	93	94	95	96	97	98	103	104	105	106	111	112	124	125	126	127	131	137	138	139	147	148	149	156	157	171	172	173	180	211	212	237	245	246	255	256	270	271	284	285	286	287	305	306	307	321	322	334	335
1	2	3	4	5	6	7	8	9	10	11	26	27	28	43	44	45	46	47	48	49	50	51	52	53	54	55	61	88	89	111	112	113	114	115	116	117	118	119	120	121	122	123	124	125	138	139	140	141	144	145	146	147	150	151	152	153	154	155	169	170	187	188	189	190	191	192	193	194	195	196	197	198	199	200	201	202	203	204	205	215	216	222	223	224	225	226	227	234	235	236	237	238	265	266	267	286	287	288	289	290	291	292
1	6	7	8	9	10	11	12	13	14	15	20	24	25	45	46	47	48	49	53	54	55	56	57	58	59	60	61	62	63	70	71	78	94	97	101	102	103	104	105	106	107	108	109	110	111	112	115	116	117	118	121	122	123	124	125	152	153	154	158	159	160	161	162	163	164	165	166	191	192	193	194	201	202	203	204	220	221	222	223	231	232	233	234	235	236	237	238	239	240	241	242	243	244	245	246	247	266	267	268	269	270	271	272	280	281	282	283	284	285	309	310	315	316	317	318	319	320	321	322	323	324	325	326	327	328	329	330	331	332	333	334	335	336	337	340	341	342	356	357	358	359	366	367	373	374	375	376	377	385	386	387	388	389	390	391	392	393	394	403	404	405	406	407	416	417	418	419	420	430	431	432	433	434	435	448	449	455	456	457	458	459	460	461	470	471	472	482	483	484	490	491	492	498	499	500
1	2	9	10	11	12	13	14	32	33	40	41	42	54	55	56	57	73	74	75	76	77	78	79	80	81	82	83	84	85	103	104	105	106	107	108	115	116	117	118	119	120	121	122	123	124	139	140	146	147	148	149	150	151	163	164	165	166	167	168	169	170	171	172	173	174	175	187	188	189	190	191	192	193	201	202	203	204	205	206	207	208	214	215	216	217	218	219	220	221	222	223	224	238	239	240	262	277	278	279	280	281	282	283	295	296	297
1	9	13	14	23	24	25	26	33	34	35	42	43	44	45	46	54	55	56	64	65	74	75	81	82	83	84	85	104	105	118	119	120	121	122	123	124	128	129	133	134	135	136	137	138	139	140	141	142	143	144	145	146	151	152	153
1	2	3	4	5	6	7	8	9	10	11	12	13	14	15	16	17	18	19	20	21	22	23	24	25	26	27	51	52	53	54	66	67	68	69	70	71	72	89	90	102	117	124	137	138	139	140	141	142	143	149	150	151	152	153	154	155	156	157	158	169	170	171	172	173	174	237	238	239	240	249	250	251	252	253	254	255	256	257	258	290	291	318	319	320	321	322	323	324	325	326	327	328	329	368	369	370	371	372	410	411
1	2	3	4	5	6	7	8	14	15	27	28	29	30	31	32	33	34	35	36	53	54	55	61	74	75	76	77	78	84	85	86	93	94	102	103	104	109	110	116	126	127	128	129	130	131	132	133	134	135	144	145	146	147	148	149	150	151	152	168	169	176	187	188	189	190	191	192	198	199	204	210	211	212	213	219	235	236	237	238	239	240	253	254	277	278	279	280	285	286	287	288	289	290	308	309	310	311	312	313	314	315	316	317	318	319	325	326	327	328	329	345
1	2	10	13	14	19	20	21	22	23	29	30	31	32	33	34	38	39	40	41	47	79	80	81	110	114	115	116	117	121	122	123	124	125	126	127	128	129	132	133	134	135	136	137	138	139	144	145	146	150	151	169	170	171	172	176	177	181	182	185	186	187	188	189	192	193	194	195	199	200	201	202	203	204	205	206	207	208	209	214	215	219	220	221	222	223	224	225	226	227	228	236	237
1	8	9	10	11	12	13	14	15	16	17	18	19	20	21	22	23	24	37	38	39	40	45	46	47	48	49	50	51	52	63	64	65	66	67	68	74	87	88	107	108	116	117	118	119	120	121	122	138	139	140	145	146	163	164	171	172	173	174	175	176	177	178	179	180	181	182	183	184	185	186	187	194	195	196	197	198	199	200	201	202	203	209	210	211	212	213	231	232	233	240	241
1	2	3	4	5	6	7	8	9	10	11	18	19	20	21	22	31	32	33	34	41	42	43	44	45	46	47	48	57	58	59	60	67	68	69	70	71	72	73	74	75	76	77	78	79	80	81	82	83	100	101	102	103	124	125	126	134	135	136	137	138	149	165	166	167	168	184	185	204	205	206	207	208	209	210	240	241	242	253	254	255	256	263	264	265	266	267	268	281	282	283	289	290	291	292	293	294	295	296	313
1	2	3	17	18	35	36	37	38	45	50	51	52	53	61	62	63	64	72	73	74	75	84	85	86	87	88
1	19	20	21	22	30	31	32	33	34	35	36	37	38	39	58	59	60	68	69	77	78	87	88	89	90	91	96	97	98	99	100	104
1	2	3	4	5	15	16	17	38	39	47	48	49	50	51	52	53	54	55	56	57	84	85	86	97	98	99
1	20	21	22	23	24	25	31	32	33	48	49	50	51	52	53	54	63	64	65	66	85	86	92	102	103	125	126	127	131	132	133	150	158	159	160	163	164	167	168	169	170	171	172	185	186	187	188	189	190	197	217	251	252	261	262	277	278	292	293	294	298	299	300	306	307	310	311
1	2	3	4	5	6	12	13	14	15	16	17	30	31	40	41	47	48	49	50	51	57	58	59	60	61	62	63	64	65	66	67	68	69	70	71	72	73	85	96	97	100	101	102	103	117	118	119	120	121	122	123	124	125	126	127	128	129	130	131	136	137	141	152	153	154	155	156	157	166	167	168	169	170	171	172	192	193	194	195	196	202	203	204
1	2	3	4	33	34	39	40	41	47	55	56	57	58	59	71	72	73	95	96	97	98	99	100	101	102	103	132	133	137	138	139	160	161	162	163	164	176	177	178	179	180	181	191	192	202	203	204	205
1	2	3	11	16	17	18	19	20	28	29	30	31	40	46	47	65	66	71	91	92	93	94	95
1	2	3	13	14	15	16	17	18	19	20	21	22	43	44	52	53	54	55	72	73	74	83	84	85	86	87	88	95	96	117	118	126	127	135	136	137	146	147	157	158	175	176	177	178	179	183	190	191	197	198	199	200	201	202	203	204	211	212	213	220	221	222	223	230	231	238	239	240	244	245	246	247	248	249	250	251	252	258	259	260	261	262	263	264	269	270	271	272	273	274	275	276	277	282	283	284	285	291	292	293	294	295	296	302	303	304	313
1	2	3	11	12	13	21	22	36	37	38	39	47	48	49	50	51	52	53	54	55	62	63	64
15	16	27	57	58	59	60	61	62	78	79	80	81	95	96	97	98	99	113	114	115	116	117	118	119	134	135	136	137	158	159	160	161	162	163	164	165	166	167	168	169	170	182	183	184	185	186	211	229	230	231	232	233	234	235	236	245	246	247	248	249	250	251	252	253
1	5	6	20	21	22	45	46	47	48	55	56	57	58	59	71	79	80	93	94	95	105	106	107	108	109	110	111	112	113	114	115	116	117	125	126	127	128	129	130	131	132	133	139	140	143	144	160	161	167	168	183	184	185	190	194	197	198	199	200	201	204	205	206	207
1	2	3	4	5	8	9	10	11	12	19	20	21	22	23	24	25	26	31	32	33	43	44	45	46	47	48	49	50	59	60	64	65	66	67	68	69	70	76	77	78	79	80	81	82	83	84	94	95	96	97	98	99	100	101	102	103	113	114	123	124	129
1	2	3	4	5	6	7	8	9	10	11	12	18	19	20	35	36	43	60	61	62	68	69	70	71	72	73	74	75	76	77	78	79	80	81	82	83	84	85	90	91	92	93	94	95	96	97	98	121	122	123	124	125	131	137	138	139	140	141	142	143	144	145	146	149	150	151	152	153	165	166	167	168	169	196	197	198	206	210	211	212	213	214	215	216	217	218	219	232	233	234	241	242	243	263	264	265	266	267	268	273	274	291	292	293	294	295	296	297	298	299	300	301	302	303	304	305	306	307	310	322	323	324	325	326	327	339	340	341	342
1	16	17	18	25	26	27	38	39	40	41	42	43	50	51	52	53	54	61	62	63	64	73	74	85	86
1	2	3	4	5	6	7	8	9	10	11	18	19	20	21	22	27	28	29	30	31	49	50	51	52	59	60	61	62	63	64	65	66	67	68	75	76	77	78	84	85	86	87	88	92	103	104	105	112	113	114	115	116	117	118	128	129	130	136	137	138	139	140	141	142	143	158	159	163	173	174	178	190	203	204
1	2	3	4	13	17	18	21	22	23	37	38	44	45	46	47	48	64	65	66	67	68	74	75	76	83	84	85	86	87	91	92	93	103	104	105	106	112	113	114	115	116
1	13	14	15	16	24	25	34	46	47	59	66	67	85	86	87	88	89
1	2	3	8	9	10	11	12	13	14	15	16	17	18	30	31	32	41	42	43	44	45	49	50	51	52	53	54	55	56	57	58	65	66	67	68	69	70	71	72	73	74	88	89	90	91	92	97	98	103	104	105	106	107	108	109	110	111	112	113	114	115	116	117	118	136	137	138	145	154	155	169	170	171	172	173	174	175	176	177	182	200	201	202	209	215	216	220	221	222	223	224	228	229	236	244	245	246	247	252	257	258	259	260	261	262	263	264	265	266	267	268	269	279	280	283	284	285	286	287	288	289	290	291	292	293	294	295	296	297	309	310	311	312	313	318
1	2	3	4	5	6	7	8	9	10	11	12	13	14	15	16	17	18	19	20	21	22	35	36	37	38	39	40	41	47	48	49	50	62	63	64	67	68	69	70	81	82	83	84	85	86	87	88	89	90	95	96	97	98	99	100	101	106	107	108	109	112	113	114	121	122	123	124	125	144	145	146	147	148	149	150	151	152	153	161	164	165	166	211	212	213	214	215	218	219	220	221	222	223	226	227	228	242	243	244	245	246	247	248	254	255	256	257	269	270	271	272	273	276	277	278	279	280	291	292	293	294	295	296	297	298	299	304	305	306	307	308	309	310	315	316	317	318	321	322	323	330	331	332	333	334	335	357	358	359	360	361	362	363	376	418	419	420	421	422	423	424	425
1	6	7	8	9	10	11	12	13	24	31	32	33	42	43	44	45	55	56	57	58	67	68	69	77	78	79	80	85	86	87	88	89	90	91	95	96	97	98	99	100	101	102	103	111	112	113	120	121	122	134	135	136	142	143	144	145	146	147	148	149	150	151	152	159	160	161	168	169	170	177	178	179	180	181	182	183	184	185	190	191	192	193	194	195	202	207	214	215	216	223	224	225	226	227	228	229	230	231	232	233	234	235	240	241	242	243	244	245	246	247	248	249	250	251	252	253	260	261	262	263	264	265	271	272	273	274	280	281	282	283	289	290	291	292	293	294	295	303	304	305	313	320	321	322	323	324	325	326	327	328	329	330	331	338	339	340	341	342
1	2	3	4	5	22	23	24	25	48	49	50	51	63	64	65	66	67	68	69	70	71	72	73	74	75	76	77	78	79	80	81	90	91	92	104
1	2	10	11	12	13	14	15	31	32	33	39	40	41	42	43	44	45	46	47	48	49	50	51	52	53	54	62	63	64	65	66	69	70	71	72	73	74	77	93	94	103	104	105	127	128	129	130	131	132	133	134	135	136	137	161	167	168	169	170	171	172	173	174	175	195	196	202	203	204	205	206	207	208	214	215	216	217	222	223	224	225	226	227	228	229	242	251	252	253	257	265	266	267	268	269	270	288	289	290	291	292	293	294	295	296	297	298	299	300	301	302	308	315	316	317	318	319	320	321	322
1	2	3	4	5	6	7	8	9	10	11	12	13	14	15	22	23	24	25	26	27	28	29	30	31	32	33	39	62	63	64	79	80	81	90	91	102	111	112	113	114	115	116	117	125	132	151	152	153	154	159	160	161	162	163	176	184	185	186	187	196	197	198
1	2	20	21	54	55	56	57	65	71	72	73	74	78	79	91	92	96	97	117	118	119	120	121	129	130	131	132	133	144	145	146	147	148	149	150	151	152	159	160	161	162	163	172	173	212	213	231	242	243	244	245	253	254	255	256	257	265	266	278	279	283	284	290	291	304	305	306	307	308	316	317	318	319	320	331	332	333	334	335	336	337	338	339	345	346	347	353	354	355
24	25	26	27	28	29	30	31	32	33	45	53	54	55	56	76	94	95	96	97	98	99	114	121	122	123	124	135	136	137	138	139	140	148	149	173	174	177	178	181	182
1	2	3	4	20	21	22	31	32	41	42	43	44	45	46	47	48	49	50	51	52	53	54	55	58	59	60	77	78	79	80	81	82	83	90	91	92	93	94	95	96	97	98	106	107	108	109	110	111	112	119	130	131	132	133	145	146	147	148	149	150	151	152	153	154	155	156	157	175	186	187	188	189	190	191	192	193	194	195	196	197	198	199	200	201	202	203	204	205	206	207	208	209	210	213	214	215	216	217	218	219	220	221	224	225	226	227	228	229	230	231	237	238	255	256	257	258	268	269	274	275	279	280	281	282	287	288	289	290	291	301	302	310	311	312	313	314	322	325	343	344	345
1	2	3	4	8	9	15	30	31	32	33	34	35	36	37	38	39	40	41	56	57	66	67	80	81	82	83	93	98	99	117	118	119	120	128	129	141	142	154	155	156	157	158	169	170	183
1	2	3	7	21	22	23	33	34	35	36	37	38	39	48	49	50	51	56	61	62	73	74	75	80	81	95	96	97	98	99	111	112	113	114	115	116	128	129	130	131	132	133	134	135	136	137	138	139	140	141	142	143	144	174	193	194	204	233	239	252	253	262	263	291	292	293	294	295	301	323	343	344	345	346	347	348	349	350	372	373	374	375
1	2	3	4	14	15	16	17	18	19	20	25	26	27	28	33	34	35	36	37	38	39	40	43	44	51	52	55	56	57	58	59	60	61	62	68	69	74	75	76	82	83	89	90	91	94	95	96	97	98	99	100	101	102	111	112	113	114	119	120	121	122	123	124	125	126	127	128	129	130	131	142	143	144	145	146	147	148	149	150	151	152	153	154	155	156	159	166	167	172	173	174	175	176	177	182	183	184	189	190	191	192	193	194	201	202	203	204	205	206	207	208	209	210	211	212	213	214	215	216	217	218	219	220	221	222	223	224	225	226	227	228	229	230	231	232	245	246	247	248	249	260	261	262	263	264	265	266	267	268	269	270	271	272	273	274	275	276	277	278	279	280	281	282	283	284	291	292	293	294	295	296	297	298	299	300	301	302	314	315	316	317	318	319	320	321	322	323	324	325	326	327	328	329	330	331	338	339	340	341	342	348	349	350	351	354	355	356	357	358	359	360	361	362	363	364	367	368	369	376
1	2	10	11	12	13	14	31	32	39	40	41	47	48	49	50	65	66	67	68	72	79	80	81	82	96	97	98	99	117	123	124	125	126	133	134	135	136	137	138	139	140	153	154	160	161	162	163	164	165	171	172	173	174	175	176	188	189	190	191	192	193	194	195	207	208	209	210	211	212
6	7	13	14	15	31	32	38	39	40	41	42	43	52	53	54	55	56	57	62	63	81	82	83	84	85	86	87	88	137	144	145	146	147	148	149	150	151	170	171	172	173	174	175
1	6	21	22	23	24	30	31	32	33	34	35	36	37	38	39	40	41	47	48	49	50	51	52	72	73	74	75	80	81	82	83	84	85	86	87	88	89	90	105	106	107	111	112	113	118	123	124	129	130	133	142	143	144	145	146	147	148	149	160	161	162	173	189	190	191	196	197	198	199	211	212	213	214	233	234	240	241	242	243	244	245	246	252	253	254	267	268	269	270	274	283	296	297	298	299	300	301	302	303	307	308	309	320	321	346	347	366	367	377	378	385	386	387	388	389	395	396	397	398	399	400	401	411	412
1	9	19	20	21	22	23	30	31	40	41	42	43	44	45	46	47	48	53	54	55	56	57	58	73	74	75	79	101	102	103	104	105	106	111	123	124	125	126	127	128	134	135	136	137	138	139	143	149	156	157	158	159	160	166	167	168	169	170	171	172	180	181	189	190	191	192	193	194	195	196	197	198	199	200	206	207	216	217	218	219	220	231	232	233	234	235	236	237	238	239	240	241	242	243	244	245	246	247	265	266	279	280	281	289	290	291	292	293	294	295	296
1	7	8	9	10	11	12	13	14	15	16	17	18	25	26	27	28	29	30	31	32	37	38	39	40	41	54	59	60	61	62	63	64	65	66	67	68	69	70	71	78	79	86	87	88	89	90	91	92	93	94	108	109	113	114	115	116	117	118	119	125	126	132	133	134	135	136	137	138	139	140	141	142	143	144	145	146	147	148	157	158	169	170	181	182
1	2	8	9	10	25	26	27	33	34	35	36	37	38	50	51	52	58	59	60	61	70	92	93	94	98	99	100	101	105	106	107	108	116	117	118	119
1	2	3	4	5	6	7	8	9	10	11	12	13	14	15	16	31	32	33	55	56	57	58	90	91	96	97	98	99	100	101	102	103	104	105	106	111	136	137	138	139	162	163	164	165	195	196	197	227	228	229	230	231	232	233	234	235	236	237	266	267	268	290	291	292	293	294	295	296	319	320	321	322	323	324	325	326	327	328	334	335	336	337	338	339	340	341	342
1	2	3	4	9	10	11	12	19	20	21	22	23	24	25	26	27	28	29	30	31	32	33	34	39	40	41	42	49	53	54	55	56	68	69	70	71	72	73	74	75	76	89	90	91	92	93	98	99	100	101	108	109	122	123	127	128	129	130	131	132	133	134
1	2	3	4	5	6	7	8	9	10	11	12	13	14	20	21	22	23	24	25	41	42	43	47	48	49	50	51	52	53	54	55	56	57	58	59	75	76	83	84	85	86	87	94	95	96	105	106	107	108	126	127	128	132	133	141	142	143	144	165	166	167	168	172	177	178	179	180	181	197	198	199	200	201	202	203	204	205	206	207	208	209	210	218	219	241	250	251	252	253	254	255	256	257	258	272	273	274	278	279	280	281	282	283	284	285	286	287	288	289	293	294	300	301	306
1	6	7	8	9	10	11	24	25	30	48	49	50	53	54	55	56	71	72	73	79	80	81	82	83	84	85	86	123	124	130	131	132	133	134	135	136	137	138	139	140	167	168	175	176	177	178	179	180	181	182	183	184	185	186	193	206	207	208	209	210	211	226	227	233	234	239	240	241	242	243	244	245	246	247	248	249	250	251	252
1	2	24	25	26	27	28	31	32	33	34	35	36	37	38	39	40	41	42	43	47	50	51	52	53	54	55	56	60	61	62	63	64	65	66	67	68	69	70	71	72	73	74	75	76	77	78	79	80
1	2	3	29	30	31	32	33	34	35	59	76	77	78	98	99	123	124	125
1	6	14	15	16	17	18	19	20	21	22	23	24	25	26	27	28	29	30	31	32	33	34	35	36	37	38	61	62	63	64	65	66	74	75	90	91	92	95	96	97	98	99	100	103	104	105	127	128	129	130	135	136	137	138	139	140	141	142	143	144	145	146	147	148	149	150	151	152	153	154	168	169	170	171	172	178	179	180	181	182	191	192	193	194	195	204	205	206	207	208	209	210	211	212	213	214	215	216	217	218	224	225	232	233	234	235	257	258	265	266	267	268	269	270	271	272	273	274	275	276	277	278	279	300	301	302	308	309	310	311	312	313	314	330	331	332	333	334	335	336	344	345	346	347	348	349
1	19	38	39	40	41	42	43	44	45	48	54	55	60	61	62	63	64	71	72	73	80	81	82	83
1	2	3	4	5	6	7	26	27	38	39	40	41	42	43	44	45	46	58	59	60	61	62	77	90	104	105
1	2	10	11	12	13	14	15	16	40	41	49	50	51	52	53	54	55	56	57	58	59	60	61	62	63	64	87	88	95	112	113	114	120	121	122	123	124	125	126	127	128	129	130	131	132	133	134	150	151	152	153	154	155	156	157	158	159	160	161	162	163	164	165	169	176	177	178	191	218	219	220	221	222	229	233	234	235	236	237	238	239	240	241	242	243	244	245	246	247	248	265	273	274	280	301	302	303	304	305	306	307	308	309	310	311	312	313	314
1	2	3	25	26	27	28	29	30	31	32	33	34	44	45	65	66	67	68	75	90	91	97	98	99	100	101	102	103	114	115	121	129	130	131	132	133	140	141	142	143	144	145	146	147	148	165	166	171	172	182	183	184	191	192	198	199	200	201	202	203	204	205	206	207	227	228	229	230	231	262	275	276	277	278	279	287	288	289	298	322	323	324	325	326	327	328	329	330	331	332	333	334	339	340	365	366
1	2	3	4	5	10	11	12	13	14	15	16	26	27	28	32	44	45	46	47	48	49	50	51	62	63	68	69	70	71	72	73	74	75	76	77	80	91	92	93	94	95	96	97	98	105	106	107	108	109	110	111	112	113	126	127	128	129	130	131	132	133	134	135	136	148	149	164
1	2	3	25	26	27	28	46	47	75	76	77
1	10	11	12	13	14	15	16	17	18	25	39	40	41	48	49	50	51	52	53	54	55	56	62	63	76	77	78	79	80	99	100	101	102	109	110
1	2	3	4	5	6	7	8	9	10	11	12	13	22	23	24	25	26	27	28	29	33	34	35	36	37	38	54	55	62	63	69	70	71	72	73	79	80	81	82	83	93	94	95	102	103	104	105	106	107	108	109	110	116	117	137	138	139	140	141	161
1	2	3	4	5	6	7	8	19	20	21	22	36	37	43	59	60	61	67	68	69	70	81	82	83	84	85	92	93	108	109	110	111	112	118	131	132	133	134	135	142	143	144	145	146	169	170	179	180	181	182	200	201	208	209	210	211	212	219
1	2	10	11	12	13	14	15	16	17	24	25	31	32	33	34	35	36	37	38	39	40	41	42	43	44	45	54	55	56	57	58	59	60	61	62	63	69	70	71	72	73	74	75	76	77	78	79	80	86	87	88	89	101	102	103	104	105	121	122	123	124	125	126	127	128	129	130	131	132	133	134	135	136	137	138	139	140	144	145	146	147	152	153	161	162	163	164	165	166	167	168	176	177	183	184	185	186	187	188	189	190	191	205	206	207	213	219	220	221	222	223	224	225	226	227	228	229	230	231	247	248	249	250	251	257	258	259	272	273	291	292	293	297	298	299	300	301	302	303	304	305	306	312	321	322	323	328	329	330	336	337	338	339	345	346	347	348	349	350	351	352	367	368	373	374	375	376	377	378	379	393	394	400	401	402	408	409	410	411	412	415	416	417	418	419	420	421	425
1	2	3	4	5	6	7	8	9	17	18	19	20	33	34	35	36	37	38	43	44	45	46	47	48	64	65	66	105	112	113	114	115	116	117	118	119	130	131	132	133	134	135	136	137	138	139	142	143	144	145	146	147	148	149	150	159	166	178	179	184	185	186	187	188	189	190	191	192	193	194	195	196	197	198	199	200	201	202	203	207	208	209	210	211
1	2	10	11	12	13	14	15	29	30	31	39	56	57	58	65	66	67	68	92	93	99	105	139	140	141	142	143	144	145	146
1	2	14	15	16	17	18	19	20	21	22	23	24	41	42	43	44	58	66	67	68	69	70	71	77	81	82	83	84	88	89	90	91	92	93	94	97	98	99	100	106	107	108	113	114	122	123	124	125	126	127	128	129	130	131	132	142	143	144	145	146	147	148	154	155	156	157	158	159	160	161	162	163	164	165	166	167	168	169	184	185	186	187	188	189	203
1	8	9	10	11	12	22	23	24	25	26	27	33	34	35	36	40	41	42	43	44	45	49	50	51	52	61	62	72	73	74	75	82	83	84	85	86	87	88	89	90	91	92	93	94	95	96	101	102	113	124	129	130	131	132	133	134	135	136	137	138	139	140	147	148	149	150	151	158	159	160	161	167	168	169	170	173	174	175	176	190	191	192	193	194	195	196	197	202	203	208	209	210	211	217	218	219	220	221	222	258	259	260	261	262	263	264	265	266	267	268	269	270	271	272	273	283	284	285	286	293	294	295	296	297	298	303	307	308	309	310	311	312	313	318	319	320	321	322	323	324	325	326	327	328
1	2	3	4	11	12	13	14	15	16	17	18	19	20	21	22	23	24	25	26	27	28	36	37	48	49	58	59	63	64	65	66	67	68	69	70	77	78	79	80	91	98	104	105	106	110	111	112	113	114	122	123	124	125	126	134	135	136	137	144	145	152	158	165	166	167	168	169	170	171	172	173	174	175	176	177	184	185	186	187	188	194	195	196	201	204	205	206	207	208	211	212	220	221	231	232	233	234	235	243	244	248	253	260	261	266	267	268	269	270	280	281	282	283	284	287	288	289	290	291	299	300	301	302	303	311	312	313	314	318	319	320	321	322	323	324	325	326	329	335
1	7	28	29	30	35	36	37	38	39	55	56	57	58	59	60	61	66	70	71	72	73	74	75	76	77	78	93	94	98	101	102	103	104	105	106	107	124	125	126	127	132	133	134	135	136	137	138	139	140	141	142	143	144	145	146	147	148	149	150	151	152	157	170	176	177	182	190	191	192	198	213	214	215	216	217	227	228	235	236	237	238	239	240	241	242
1	2	3	4	5	10	14	31	32	33	34	35	41	45	46	47	48	56	57	65	66	67	68	69	75	76	77	78	79	80	81	82	83	84	85	86	87	88	92	93	97	98	99	100	101	102	106	107	108	109	113	114	130	131	132	133	134	135	141	142	148	149	150	151	152	153	172	173	174	175	188	189	202	203	228	229	230	231	232	233	234	235	240	241	242	243	244	250	251	252	253	254	255	256	257	290	297	298	299	304	305	306	307	317	318	330	331	332	350	351	370	371	372	377	381	382	383	384	385	386	387	388	391	392	393	394	395	396	397	401	402	403	404	405	422	423	433	434	435	436	437
1	16	17	18	19	20	21	22	23	24	25	32	33	42	43	44	52	53	54	55	56	57	58	59	60	61	62	63	64	65	66	67	68	69	70	76	77	87	88	89	90	117	118	119	120	121	122	123	124	125	126	127	128
1	2	3	11	12	13	14	23	24	32	33	34	35	45	46	56	57	68	69	77	78	79	80	84	85	86	87	88	89	90
1	2	8	9	10	13	14	15	16	17	29	30	31	32	33	34	35	36	43	44	45	51	52	64	65	73	74	75	76	77	78	79	80	92	93	100	101	102	103	104	105	106	114	115	123	124	125	126	127	128	129	130	131	132	133	134	135	151	162	163	164	165	170	171	172	173	174	175	176	184	185	186	187	188	189	190	191	192	193	198	205	216	217	218	224	225	226	231	232	233	234	235	236	237	238	239	240	241	242	245	246	247	248	249	250	251	262	277	278	279	280	281	282	287	292	293	294	295	296	297	298	299	300	307	308	309	310	318	319	320	332	335	336	337	338	339	340	356	357	358
1	7	8	16	17	25	26	27	28	29	30	31	32	38	39	44	48	49	57	58	59	60	61	72	73	74	75	86	87	88	89	90	91	92
1	2	3	4	5	6	11	12	13	20	21	22	23	24	40	41	42	45	46	49	50	51	52	53	54	69	70	71	72	73	74	75	76	77	80	81	93	94	95	103	114	134	135	143	144	145	146	147	148	149	150	151	152	153	169	170	171	178	179	180	181	182	202	208	209	210	211	212	225	226	227	232	233	234	235	236	237	238	239	240	241	242	243	244	245	246	247	248	249	263	264	265	266	267	284	285	286	287	288
1	2	3	4	5	22	23	28	29	46	47	48	54	55	56	57	58	69	70	71	72	73	74	80	88	89	105	106	107	108	109
1	2	3	4	5	6	7	12	13	14	15	16	17	18	19	20	21	31	41	42	43	44	45	57	58	69	79	80	81	82	83	95	96	109	110	119	120	121	122	123	135	136	137	138	139	140	141	150	151	152	159
1	2	3	4	5	6	7	8	9	26	27	28	29	34	35	41	42	43	44	45	46	47	48	49	50	51	62	63	64	85	86	87	88	89	90	91	92	93	94	114	115	116	117	118	119	120	121
1	2	3	4	5	6	7	8	9	39	40	72	73	74	75	76	77	78	93	94	105	106	107	108	109	110	111	112	121	122	126	127	128	129	130	131
1	30	31	32	33	34	35	36	37	72	73	74	75	76
1	2	3	4	5	6	7	8	9	17	18	24	28	29	30	31	43	44	45	50	51	52	53	54	55	56	57	58	77	78	84	85	92	93	94	95	100	101	102	103	104	105	114	115	116	123	124	135	136	137	142	143	144	145	146	147	148	149	150	151	152	153	154	155	156	157	158	159	168	169	170	171	172	178	179	180	181	182	183	184	185	191	192	193	194	199	204	205	206	207	225	226
1	11	12	13	14	15	22	23	24	25	26	27	28	29	36	37	38	43	44	45	46	50	51	62	63	64	65	66	67	68	69	70	80	81	82	83	84
1	6	7	8	9	10	11	12	13	29	30	31	32	37	38	39	40	41	42	43	44	45	46	47	48	49	50	51	66	67	68	69	70	71	72	73	77	78	79	83	84	92	93	94	95	96	97	98	99	106	113	114	115	120	121	122	123	132	133	134	135	136	137	138	139	140	141	142	143	144	145	146	150	151	152	153	170	171	172	173	174	175	176	177	178	179	180	181	182	183	184	185	200	206	207	208	209	210	211	212	213	214	223	224	225	226	244	249	250	251	252	253	254	255	256	257	258	259	260	261	269	270	271	272	273	274	287	296	297	298	299	300	301	302	303	304	305	306	307	308	309	310	311	319	320	321	322	333	334	335	336	337	338	339	340	341	342	343	344	345	356	361	362
1	7	8	9	13	14	18	19	20	21	22	23	24	25	26	31	32	33	41	42	53	54	55	56	64	65	66	67	68	69	70	71	72	90	91	99	100	101	102	103	104	105	106	107	108	124	125	126	127	128	133	134	135	136	137	138	139	140	141	142	143	144	145	146	147	163	164	165	166	167	171	172	177	178	184	185	186	187	188	189	190	191	195	196	200	201	202	203	204	218	219	220	221	222	223	224	228	229	230	231	232	233	234	235	236	237	238	252	253	254	255	259	260	261	262	263	264	265	266	267	268	269	270	271	272	273	274	275	276	277	278	279	280	281	282	286	287	299	300
1	2	18	19	20	21	44	45	46	47	48	49	50	56	57	79	80	97	98	99	119	120	121	140	141
1	2	3	4	5	6	7	8	21	22	30	31	32	33	34	35	36	37	38	39	40	41	42	43	49	50	51	52	53	59	60	61	62	63	64	65	66	67	75	76	77	78	79	80	81	89	90	91	92	93	94	99	100	101	102	103	104	105	106	107	108	109	110	111	112	120	121	122	137	138	139	148	149	150	151	152	153	154	155	161	162	163	164	165	166	167	173	174	175	176	177	178	179	180	181	182	188	189	190	191	192	193	200	201	212	213	214	215	216	217	218	219	224	225	226	227	228	229	230	231	232	233	234	235	236	237	243	244	245	246	247	252	253	254	255	256	264	265	266	267	268	269	270	271	272	273	274	275	276	277	278	279	280	291	292	293	294	295	296	297	298	299	300	301	302	303	307	308	309	310	320	321
16	17	36	37	38	47	48	49	55	56	57	58	66	67	75	76	84	85	86	87	88	89	90	91	92	93	94	95	96	97	98	99	100	101	102	103	104	105	106	107	108	109	110	111	112	113	114	115	116	117	126	127	136	137	138	139	140	141	142	143	144	145	146	147	159	160	172	173	174	175	176	177	178	179	180	193	194	207	215	216	217	218	219	220	221	222	223	224	225	226	241	242	255	256	257	272	273	274	286	287	288	289	290	291
1	2	3	4	5	6	7	8	9	10	11	12	13	16	17	18	24	25	44	45	70	71	72	73	74	75	83	84	85	86	95	96	106	107	108	109	110	111	112	113	122	123	130	131	139	140	141	142	143	144	165
1	2	3	10	11	12	13	14	15	16	17	18	19	20	21	22	23	24	25	26	27	30	31	32	33	34	35	36	37	38	41	42	43	44	45	46	47	48	49	50	51	52	53	54	55	56	57	58	59	60	61	62
1	2	3	4	5	11	12	13	14	15	16	17	18	24	25	26	27	28	29	30	41	42	43	44	45	46	55	56	57	58	59	68	77	85	86	87	88	89	90	91	101	102	111	120	121	122	123	124	125	126	127	128	129	134	135	136	137	138	139	140	141	142	143	144	150	151	161	162	163	164	175	176	177	178	179	180	181	182	186	187	188	194	195	196	202	203	204
1	2	3	4	5	6	10	11	12	13	14	15	16	17	18	22	23	27	28	29	30	31	39	40	41	42	43	44	45	46	47	48	49	50	51	58	59	60	64	65	66	67	68	69	70	71	75	76	80	81	82	83	84	92	93	94	95	96	97	98	99	100	101	102	103	104	111	112	113	117	118	119	120	121	122	123	124	128	129	130	131	132	133	134	135	143	144	145	146	147	148	149	150	151	152	153	154	155	162	163
1	2	3	4	5	6	7	8	9	10	11	12	13	14	21	22	23	24	25	26	27	28	29	34	35	36	43	44	49	55	56	57	60	61	62	63	64	65	66	67	68	69	70	71
16	17	18	19	20	21	39	40	41	42	63	64	65	66	67	68	85	86	87	88	104	105	106	107	108	109	123	124	125	126	138	139	140	141	142	143	160	161	162	163	164	165	166	167	168	169	170	171	172	173	174
1	2	3	36	43	44	45	46	47	48	49	50	51	57	58	79	80	81	82	96	97	98	99	100	119	123	124	150	151
1	2	3	4	5	10	11	12	13	14	15	16	17	27	28	29	30	31	32	40	41	54	55	66	67	70	71	72	76	77	78	79	80	81	82	83	84	93	94	95	102	103	111	112	113	114	120	127	138
1	2	3	4	5	6	7	8	9	10	11	20	21	28	29	30	31	32	33	34	35	66	91	92	98	99	100	108	132	133	134	135	136	137	138	139	140	141	142	143	144	160	161	162	163	184	185	186	187	199	200	201	202	208	209	210	211	212	213	220	221	222	223	224	225	237	238	239	240	241	242	248	249	250	257	258	269	270	280	281	282	283	284	285	286	287	288	303	304	305	306	330	331	340	341	350	351	352	353	354	355	356	357	376	377	378	379	400	401	423	424	425	438	442	446	447	448	449	450	451	452	453	454	455	456	457	458	459	460	464	465	466	467	468
1	2	3	10	11	12	20	21	22	23	24	25	26	27	28	29	35	36	37	46	47	57	58	59	60	61	62	63	64	70	71	72	73	81	82	83	84	85	86	87	88	89	90	94	95	96	97	98	103	107	108	109	121	122	123	124	132	133	134	135	138	139	140	141	142	143	144	145	153	154	162	163	164	165	166	167	168	169	170	171	172	173	174	175	176	177	178	179	180	181	189	190	191	192	193	203	204	205	206	212	213	214	215	216	217	224	225	226	234	235	236	251	252	253	254	255	264	270	282	283	284	292	293	294	295	296	297	298	299	300	303	304	305	315	316	317	318	319	320	321	322	329	345	346	350	355	356
1	2	3	15	30	31	32	33	34	35	54	55	56	57	67	68	69	70	71	72	82	83	84	85	86	87	96	97	98	99	100	101	102	103	104	105	106	107	108	109	110	111	112	113	139	140	141	150	151	152	153	154	155	156	157	158	159	160	161	162	163	178	179	180	181	182	183	188	197	198	199	200	201	202	203	204	205	206	207	208	230	231	232	233	234	235	236	237	238	239	240	241	242	243	244	245	246	247	248	249	250	251	252	253	254	261	262	263	264	270	271	272	273	274	275	276	277	278	279	280	281	282	309
8	9	18	19	20	21	22	35	36	37	38	39	46	47	51	52	53	54	55	60	61	62	63	73	74	75	76
1	2	3	4	5	24	25	35	36	37	38	46	47	55	56	57	58	59	66	67	68	69	74	75	76	77	78	79	80	90	91	99	100	101	102	103	104	112	113	122	123	133
1	2	23	24	25	26	44	45	58	59	60	61	62	63	64	82	83	84	85	86	87	88	89	99	100	101	102	103	114	115	116	117	123	124	125	143	144	145	146	147	148	149	150	151	152	153	154	155	156	157	158	169	170	171	172	173	174	175	189	190	210	211	212	213	222	223	224	233	234	235	256	257	258	267	284	285	291	292	293	294	295	296	297	298	299	300	301	302	303	304	305	306	307	318	319	320	321	322	323	324	325	326	327	328	329	330	331	332	333	334	335	336	337	338	339	343	344	345	346	354	355	356	357	358	366	367	368	369	370
1	2	3	11	12	13	14	18	19	20	21	22	23	24	25	26	41	42	43	44	45	46	66	67	68	69	70	76	77	78	79	80	81	82	83	84	85	86	87	91	101	108	115	116	128	129	139	140	141	142	143	144	145	148	149	150	151	152	153	154	155	156	159	160	161	162	163	164	165	166	167	168	169	173	174	186
1	2	5	6	7	18	19	28	29	30	31	41	42	43	44	45	46	60	61	62	63	64	65	66	74	75	83	84	85	86	96	97	98	99	122	125	126	127	128	132	135	136	137	138	139	140	141	142	143	144	145	146	149	150	151	152	153	154	157	158	159	160	161	162	163	164	165	166	167	168	169	170	171	172	173	174	175	176	177	178	179	180	181	188	189	190	191	211	212	213	214	215	216	217	218	219	220	243	244	259	260	261	262	263	264	281	282	283	284	285	286	287	288	289	290	291	292	293	294	295	296	297	298
1	2	6	18	19	20	21	22	23	24	25	26	27	28	29	30	31	32	33	34	35	42	48	49	54	55	56	57	58	59	60	61	62	72	73	74	75	76	77	78	79	80	81	82	83	104	105	106	107	108	109	110	111	112	113	114	115	116	117	123	124	142	143	144	145	146	147	152	153	159	160	161	162	163	164	165	166	185	200	201	202	203	204	205	206	222	223	224	225	249	250	251	274	275	276	277	278	279	280	281	282	283	284	285	286	305	306	307	308	309	310	311	312	313	314	315	316	326	327	328	329	330	338	339	342	343	344	345	346	347	348	349	350	364	365	366	376	377	378
1	12	13	14	26	27	28	29	30	31	32	33	34	35	36	43	44	45	46	47	48	49	50	51	52	53	54	55	56	57	58	59	60	61	62	63	64	65	66	67	74	75	76	77	84	85	86	87	88	89	90	102	103	104	109	110	111	112	113	114	115	116	117	118	119	120	121	122	123	124	125	126	127	128	129	130	131	135	136	137	138	149	150	151	162	163	164	165	166	176	177	178	179	180	181	182	183	184	185	186	200	201	202	203	204	205	206	207	208	209	214	215	216	217	218	238	239	243	244	255	256	257	258	259	260	261	262	281	282	283	294	295	296	297
1	2	3	9	10	11	27	34	40	41	42	43	44	45	46	47	52	53	54	55	66	67	68	73	74	75	76	77	78	79	80	81	82	83	102	103	109	115	116	117	118	119	120	142	143	149	150	151	155	156	157	158	159	160	161	162	166	167	168	169	170	171	172	173	188	189	190	191	192	193	194	195	196	202	203	204
1	2	3	9	10	11	20	21	26	27	28	29	30	31	32	33	34	37	38	42	43	44	45	56	57	58	59	60	61	62	65	71	72	73	74	75	76	86	87	88	89	95	96	105	106	134	135	136	137	144	145	146	147	164	181	182	183	184	185	186	187	188	189	190	191	192	200	201	202	203	213	214	225	226	227	250	251	252	253	254	274	275	276	277	288	289	325	331	354	355	356	357	358	359	360	361	362	363	364	365
1	2	3	4	5	6	7	8	23	24	25	26	27	28	31	32	33	34	35	38	39	40	41	42	43	48	49	50	51	52	59	60	61	62	68	69	70	71	72	73	74	79	80	81	82	83	84	95	96	97	98	99	100	101	102	103	104	107	108	109	110	111	112	122	123	124	125	126	133	134	135	136	137	148	149	150	166	167	168	169	173	174	175	176	177	183	184	185	186	187	194	195	196	197	198	199	200	201	202	203	210	211	212	225	226	227	228	229	230	231	232	233	234	235	236	237	238	239	240	241	242	243	244	245	246	247	248	249	250	251	252	253	256	257	258
1	2	7	8	9	24	25	26	27	32	33	34	35	36	37	38	51	52	53	54	55	56	61	62	80	81	82	83	84	85	86	87	147	148	149	150	151	152	153	154	155	173	174	175	176	177	178	197	198	204	205	206	207	208
1	8	27	28	29	30	36	50	51	52	53	58	59	60	61	62	63	77	80	81	82	83	103	104	105	106	107	108	113	114	115	116	117	123	127	128	129	134	135	140	141	147	148	149	150	151	152	153	154	158	164	165	174	175	182	183	184	185	186	187	188	189	190	191	197	198	199	200	201	202	211	212	213	214	222	223	224	225	226	227	228	229	230	231	232	233	234	235	236	237	238	239	242	243	244	260	261	262	272	273	283	284	285	286	287	288	314	315	316	317
1	2	3	4	9	10	11	12	28	29	36	52	53	54	55	60	61	62	63	81	88	89	90	91	92	93	94	95	96	97	98	99	125	126	137	148	159	160	161	180	181	182	183	184	185	186	187	188	189	215	216	217	218	219	226	227	228	229	230	231	232	233	234	235	236	237	238	239	240	255	256	257	258	259	260	261	262	263	264	265	269	270	274	275
1	15	16	17	18	19	20	21	22	23	24	25	26	27	28	29	30	31	32	33	34	35	36	37	38	39	40	41	47	48	49	50	54	55	56	57	58	59	60	73	74	75	76	77	78	79	97	98	99	100	101	102	108	115	130	131	132	133	138	139	140	141	154	159	160	163	164	190	191	192	197	198	199	200	201	202	203	204	205	206	207	208	224	225	231	232	233	234	235	236	237	238	239	240	241	242	243	244	245	251	252	253	254	261	262	263	264	265	266	267	268	269	270	271	291	292	293	294	295	342	343	344	348	349	350	351	352	353	354	361	362	363	364	365	378	379	380	381	384	389	390	391	392	393	394	395	396	402	403	404	405
1	2	3	4	14	15	16	17	29	30	31	32	33	34	35	36	37	38	39	40	41	42	43	44	45	46	53	54	55	56	57	58	59	60	61	62	63	64	65	66	69	70	71	82	83	92	93	94	95	104	105	128	129	130	131	132	133	134	135	136	144	145	152	153	154	155	156	166	167	168	169	170	193	196	197	198	199	203	207	208	209	210	211	212	213	217	225	226	227	228	229	230	231	232	233	234	247	248	249	250	269	270	271	272	273	274	275	290	291	299	300	306	307	308	309	310	311	312	313	314	315	320	321	322	323	324	329	332	333	334	335	336	339	340	341	342	343	344	351	352	353	354	367	368	374	383	384	385	386	387	388	389	390	391	392	393	394	395
1	2	3	4	13	14	25	26	27	28	43	44	45	46	47	48	49	50	51	52	53	54	58	59	60	65	66	67	68	69	70	71	72	73	74	75	76	77	78	79	80	81	82	83	84	85	86	87	88	89	90	91	92	93	94	95	96	101	102	103	104	105	106	107	108	109	110	111	116	117	118	124	125	126	127	145	146	147	148	149	150	151	152	153	154	155	165
1	2	7	22	23	24	25	26	57	58	59	60	61	62	69	70	71	72	79	80	81	82	83	110	111	129	139	140	141	142	143	150	151	152	153	160	161	162	163	164	165	166	167	176	197	198	199	200	201	202	206	207	208
1	2	3	4	17	18	29	30	31	32	47	48	49	50	51	52	53	54	55	56	57	58	62	63	64	69	70	71	72	73	74	75	76	77	78	79	80	81	82	83	84	85	86	87	88	89	90	91	92	93	94	95	96	97	98	99	100	105	106	107	108	109	110	111	112	113	114	115	120	121	122	128	129	130	131	149	150	151	152	153	154	155	156	157	158	159	160	177	178	179	180
1	9	10	11	12	13	14	21	22	23	24	25	26	27	28	29	37	38	46	47	48	49	50	59	60	61	62	63	64	65	74	75	76	77	78	79	87	88	89	95	96	97	98	99	100	107	108	109	110	111	118	119	120	121	122	123	130	131	132	133	139	140	141	142	149	150	151	152	153	154	155	156	157	164	165	166	167	168	175	176	177	178	184	185	205	206	207	208	209	210	214	215	216	217	221	222	223	224	225	226	227	228	229	235	236	242	243	244	245	253	254	255	256	257	263	264	265	266	267	268	277	278	279	280	281	282	283	284	285	286	290	291	292	293	294	300	301	302	303	304	310	311	312	313	324	325	326	327	328	329	330	331	338	339	340	341	342	349	350	351	358	359
1	2	3	15	16	17	18	19	25	34	35	36	37	38	39	40	41	42	53	54	81	82	83	84	85	86	100	101	108	109	110	111	118	119	123	127	128	137	138	139	140	141	145	146	147	155	156	157	158	159	160	161	162	163	164	165	166	172	173	174	175	176	177	178	190	191	192	193	199	200	201	202	203	204	205	212	213	214	215	216	217	218	219	225	226	227	228	235	236	237	238	244
1	2	3	7	8	9	10	11	15	16	17	20	21	22	23	40	41	45	66	67	68	85	86	87	102	103	104	105	106	111	112	113	114	115	116	117	118	119	120	121	122	123	124	125	126	127	128	129	130	131	132	133	134	135	136	152	153	154	155	156	161	162	173	174	175	176	177	178	179	180	181	187	188	189	190	191	192	204	205	211	212	213	214	215	216	217	218	219	220	221	222	223	224	225	226	227	228	229	230	243	257	258	261	262	263	264	265	276	277	278	279	280	281	292	293	294	295	296	297	298	299	300	306	307	308	309	310	311	312	313
1	4	5	6	7	8	9	10	11	19	20	21	22	23	24	25	26	27	28	29	30	41	42	43	44	49	53	54	55	60	61	62	63	64	65	75	76	77	78	79	80	87	92	93	94	95	96	97	98	99	100	101	102	103	104	105	106	118	121	122	123	124	125	126	127	128	136	137	138	139	140	141	142	143	144	145	146	147	158	159	171	172	179	189	190	191	192	193	194	201	206	207	208	209	210	216	217	218	219	220	221	233	234
1	2	3	4	5	6	7	8	9	10	11	15	16	36	37	38	39	40	41	42	43	44	45	46	47	54	55	56	57	58	71	72	73	80	81	82	83	84	85	86	87	88	89	90	102	103	109	110	111	122	123	124	129	130	131	132	133	134	135	151	152	153	154	155	156	162	163	164	165	173	174	175	179	180	186	187	188	189	190	191	192	193	208	209	210	215	216	222	223	224	225	230	231	232	233	234	235	236	237	248	249	250	251	252	253	254	261	262	263	264	265	270	271	272	273	274	275	276	277	278	279	284	285	286	287	288	289	310	311	312	313	314	315	316	317	318	319	320	321	322
1	10	11	12	13	14	27	28	29	30	31	32	33	34	35	36	37	47	48	58	59	60	61	62	63	76	84	85	106	107	108	109	110	117	118	119	125	126	140	146	147	148	149	150	151
18	19	20	26	27	28	29	30	31	32	33	34	35	36	37	38	39	40	67	96	99	100	101	102	106	107	108	109	110	141	156	157	158	159	160	161	162	163	188	189	190	191	227	228