15	16	17	18	19	20	21	22	23	24	25	26	27	28	29	41	42	43	44	45	46	47	48	49	50	51	52	53	54	55	56	69	70	71	72	73	74	75	76	77	78	79	80	108	109	110	111	112	113	114	115	116	117	118	119	120	121	122	123	124	125	126	127	128	145	146	147	148	149	150	151	152	153	154	155	156	157	158	159	160	176	177	178	179	180	181	182	183	184	185	186	187	188	189	190	191	205	206	207	208	209	210	211	212	213	214	215	216	217	232	233	234	235	236	237	238	239	240	256	257	258	259	260	261	262	263	264	265	266	267	268	269	270	271	272	292	293	294	295	296	297	298	299	300
16	17	18	19	20	21	22	23	24	36	37	38	39	40	41	53	54	55	56	57	58	70	71	72	73	74	75	76	77	78	79	80	81	82	83	84	97	98	99	100	101	102	103	104	105	106	107	108	109	110	111	112	119	120	121	122	123	124	125	126	127	128	129	130	131	132	133	133	134	135	136	137	138	159	160	161	162	163	164	165	166	167	168	169	170	171	172	173	174	175	176	177	270	271	272	273	274	275	276	277	278	279	280	281	282	283	292	293	294	295	296	297	298	299	300	301	302	303	304	305	306	307
1	2	3	4	5	6	7	8	9	10	11	12	13	14	52	53	54	55	56	57	58	59	60	61	62	63	64	65	69	70	71	72	73	74	75	76	93	94	95	96	97	98	99	100	110	111	112	113	114	115	116	117	118	119	120	121	122	137	138	139	140	141	173	174	175	176	177	178	179	180	181	182	183	184	185	186	187	188	189	190	191	192	193	212	213	214	215	216	217	218	219
14	15	16	17	18	19	20	21	22	23	24	25	26	27	28	29	30	31	32	41	42	43	44	45	46	47	48	49	50	51	52	53	72	73	74	75	76	77	83	84	85	86	87	88	89	90	91	92	93	94	95	96	97	98	102	103	104	105	106	107	108	109	110	111	112	113	114	115	116	117	118	149	150	151	152	153	154	155	156	157	163	164	165	166	167	168	169	170	171	172	173	174	175	176	180	181	182	183	184	185	200	201	202	203	204	205	206	207	208	231	232	233	234	235	236	237	238	239	240	241	242	243	244	245	246	247	248	249	250	251	252	254	255	256	257	258	259	260	261	262	263	264	265	266	267	268	269	270	271	287	288	289	290	291	292
4	5	6	7	8	9	10	11	12	13	14	15	16	17	18	19	20	21	22	23	24	25	26	27	28	29	39	40	41	42	43	44	45	46	47	48	49	50	51	52	53	54	55	56	57	71	72	73	78	79	80	81	82	83	84	85	86	87	88	89	90	91	92	93	94	95	96	97	98	99	100	101	103	104	105	106	107	108	109	110	111	112	113	114	115	116	117	118	119	120	121	122	123	124
3	4	5	6	7	8	9	10	11	12	13	14	15	16	17	18	19	23	24	25	26	27	28	29	30	31	32	33	34	35	36	37	38	39	40	46	47	48	56	57	58	59	60	61	62	63	64	65	66	67	68	69	70	71	72	73	74	75	76	77	78	79	80	84	85	86	87	88	89	90	91	92	93	94	95	96	97	98	99	100	101	102	103	104	105
23	24	25	26	27	28	29	30	31	32
3	4	5	19	20	21	39	40	41	42	43	44	45	46	47	48	49	50	51	52	53	54	76	77	78	79	80	81	82	83	84	111	112	113	114	115	116	117	118	119	134	135	136	175	176	177	178	179	180	181	182	183	184
24	25	26	27	28	29	30	31	32	33	34	35	36	37	38	51	52	53	54	55	56	66	67	68	69	70	71	72	73	74	75	76	77	78	79	80	81	82	86	87	88	89	90	101	102	103	104	105	106	107	108	109	110	111	112	113	114	115	116	117	118	119	120	121	121	122	123	124	125	126	131	132	133	134	135	136	137	168	169	170	171	172	173	174	175	176	177	178	188	189	190	191	192	193	194	216	217	218	219	220	223	224	225	226	227	228	229	230	231	232	233	234	235	236	237	238	239	240	243	244	245	246	247	248	256	257	258	259	260	261	262	263	264	265	266	267	268	269	270	271	272	273	274	275	276	277	278	279	280	281	282	283	284	285	286	287	290	291	292	293	294	304	305	306	307	308	309	310	314	315	316	317	318	319	325	326	327	328	329
88	89	90	188	189	190	191	196	197	198	199	200	201	202	203	204	267	268	269	302	303	304
11	12	13	14	33	34	35	36	37	38	46	47	48	49	91	92	93	94	95	96	97	98	139	140	141	142	143	144	173	174	175	176	204	205	206	207	208	209
1	2	3	4	5	6	7	48	49	50	51	52	53	54	55	56	57	58	59	60	61	62	63	64	65	66	67	68	69	70	86	87	88	89	90	91	92	93	94	95	96	97	98	99	100	101	102	103	104	105	106	107	108	109	122	123	124	125	126	127	128	129	130	131	132	133	140	141	142	143	144	149	150	151	152	153	154	155	156	157	158	159	160	161	162	163	164	165	166	167	168	184	185	186	187	188	189	190	191	192	193	194	195	196	197	207	208	209	210	211	212	213	214	215	216	217	223	224	225	226	227	228	229	230	245	246	247	248	249	250	251	252	267	268	269	270	271	272	273	274	275	276	277	283	284	285	286	287	288	289	290	291	292	293	294	295	296	297	298	299	300	304	305	306	307	308	309	310	311	312	313	314	314	315	316	317	318	319	320	321	322	323	324	325	326	327	328	329	330	332	333	334	335	336	337	338	339	340	341	342	343	344	345	346	347	348
14	15	16	17	18	19	20	21	22	23	24	25	26	27	28	29	46	47	48	49	50	51	52	79	80	81	82	83	84	85	86	92	93	94	95	96	97	98	99	100	101	102	103	104	105	106	132	133	134	135	136	137	138	139	140	141	142	143	144	145	146	147	148	149	150	151	152
23	24	25	26	27	28	29	30	31	32	33	34	35	36	56	57	58	59	60	61	62	63	64	112	113	114	151	152	153	154	155	156	157	158	159	160	161	162	163	164	186	187	188	189	190	191	192	193	194	195	196	197	198	199	294	295	296	297	298	299	300	301	302	303	304	305	306	310	311	312	313	314	315
4	5	6	7	8	9	10	11	12	13	14	15	16	17	18	19	20	21	22	23	24	25	26	28	29	30	31	32	33	34	35	36	37	38	39	40	41	42	52	53	54	55	56	57	58	59	60	61	62	63	66	67	68	72	73	74	75	76	77	78	79	80	81	82	83	87	88	89	90	91	92	93	94	95	96	97	99	100	101	106	107	108	109	110	111	112	113	114	115	116	117	118	119	120	121	122	123	127	128	129	130	131	132	133	134	135	136	137	138	143	144	145	146	147	148	149	150	151	152	153	154	155	156	157	158	159	160	165	166	167	168	169	170	171	172	173	174	175	176	177	178	179	180	181	186	187	188	189	190	191	192	193	194	195
1	2	3	4	5	6	7	8	9	10	11	12	13	14	15	16	17	18	19	26	27	28	29	30	31	32	33	34	35	36	37	38	39	40	41	42	43	44	45	56	57	58	59	60	61	62	63	64	70	71	72	73	74	75	76	77	99	100	101	102	103	104	105	106	107	108	109
13	14	15	16	17	18	19	20	21	22	23	24	25	26	57	58	59	60	61	62	63	64	71	72	73	74	75	76	77	78	79	80	94	95	96	97	98	99	100	101	102	103	104	105	106	107	116	117	118	119	120	122	123	124	125	126	127	128	129	130	141	142	143	144	145	151	152	153	154	155	156	157	158	159	160	161	162	173	174	175	176	177	178	179	180	181	182	183	184	192	193	194	195	196	197	198	199	200	201	202	203	204	210	211	212	213	214	215	216	217	218	219	220	221	222	223	224	225	226	227	228	229	230	247	248	249	250	251	256	257	258	259	260	261	262	263	264	266	267	268	269	270	271	272	273	274	275	276	277	278	308	309	310	311	312	313	339	340	341	342	343	344	345	346	347	348	349	350	351	352	353	354	355	356	357	358
6	7	8	9	10	11	12	19	20	21	22	23	24	25	26	27	28	29	30	31	37	38	39	40	41	42	43	44	45	46	47	48	49	50	51	75	76	77	78	79	80	81	82	83	84	85	86	87	105	106	107	108	109	110	111	112	113	114	115	116	117	118	119	120	121	122	123	124	125	126	127	128	129	130	131	132	133	134	135	140	141	142	143	144	145	146	147	148	149
24	25	26	27	28	29	30	31	32	33	34	35	48	49	50	51	52	53	54	55	56	57	58	59	60	61	62	63	64	65	66	67	68	69	70	71	72	73	74	75	76	77	78	79	89	90	91	92	93	94	95	96	97	98	99	100	101	130	131	132	133	134	135	136	137	138	139	140	140	141	142	143	144	145	146	147	148	149	150	151	152	153	154	155	156	157	158	164	165	166	167	168	169	170	171	172	174	175	176	177	178	179	185	186	187	188	189	190	191	192	193	194	211	212	213	214	215	216	217	230	231	232	233	234	235	236	237	238	239	243	244	245	246	247	248	249	250	266	267	268	269	270	271	272	273	274	275	276	277	278
14	15	16	17	18	19	20	21	22	23	24	44	45	46	47	48	49	50	51	52	53	54	55	56	57	58	59	60	61	62	65	66	67	68	69	70	71	72	73	74	75	76	77	78	79	80	81	82	83	84	85	101	102	103	104	105	106	107	108	109	110	111	112	113	114	115	116	124	125	126	127	128
6	7	8	9	10	32	33	34	60	61	62	63	87	88	89	90	91	92	93	94	136	137	138	139
21	22	23	35	36	37	38	39	40	69	70	71	78	79	80	81	87	88	89	99	100	101
1	2	3	4	5	6	7	8	9	10	11	12	13	14	15	16	17	18	19	25	26	27	28	29	30	31	32	33	34	35	36	37	38	39	40	41	42	43	44	45	46	47	48	49	50	51	52	53	54	55	56	57	59	60	61	62	63	64	65	66	67	68	69	69	70	71	72	73	74
11	12	13	14	15	16	17	18	19	20	21	22	34	35	36	38	39	40	44	45	46	47	66	67	68	69	70	71	72	73	74	75	76	92	93	94	95	96	97	98	99	100	101	102	103	104	105	106	107	110	111	112	113	114	115	116	117	118	119	120	122	123	124	125	126	132	133	134	135	136	137	138	139	140	141	142	143	144	145	146	147	148	149	150	151	152	153	166	167	168	169	170	171	172	173	174	175	176	177	178	179	180	182	183	184	185	186	187	188	191	192	193	194	195	196	197	198	199	200	201	204	205	206	207	208	209
18	19	20	21	22	23	24	25	26	27	28	29	30	31	32	33	34	35	36	37	38	39	40	41	42	43	44	45	46	47	48	49	50	51	52	53	54	56	57	58	59	60	61	62	63	64	65	66	67	68	69	70	71	72	79	80	81	82	83	84	85	86	87	88	89	90	91	92	93	94	95	96	97	98	99	100	101	102	103	104	105	106	107	108	109	110	111	112	119	120	121	122	123	139	140	141	142	143	144	145	146	147	148	149	150	151	152	157	158	159	160	161	162	163	164	165	166	167	168	169	170	171	172	173	174	175	176	177	178	179	180	181	182	183	184	185	186	187	188	189	196	197	198	199	200	201	202	203	204	205	206	207
6	7	8	9	10	11	42	43	44	45	46	47	48	48	49	50	51	52	53	68	69	70	71	72	73	74	75	76	77	78	79	82	83	84	91	92	93	94	95	96	97	98	109	110	111	112	113	114	115	116	117	118	119	120	121	122	123	136	137	138	139	140	141	142	143	144	145	146	147	148	149	150	151	158	159	160	161	162	163	164	165	166	167	168	169	170	171	172	173	174	175	196	197	198	199	200	201	204	205	206	207	208	209	211	212	213	214	215	216	216	217	218	219	220	221	222	223	224	225	226	227	228	229	245	246	247	248	249	325	326	327	328	329	330	331	332	333	334	335	336	337	338	339	340	347	348	349	350	351	352	353	354	355	356	357	358	359	360	361	362	363	364	365	366	367	368
3	4	5	6	7	8	9	10	11	12	13	14	15	16	18	19	20	21	22	23	37	38	39	40	41	42	43	44	45	46	47	48	49	50	51	52	53	54	60	61	62	63	64	65	66	67	68	69	70	71	72	73	74	75	76	77	78	79	80	81	82	89	90	91	92	93	94	95	96	97	98	99	100	101	102	103	104	105
16	17	18	19	20	21	22	38	39	40	41	42	43	44	45	46	47	48	49	50	51	52	53	59	60	61	62	63	64	65	66	67	68	69	70	71	72	73	74	75	111	112	113	114	115	116	117	118	119	120	144	145	146	147	148	149	150	151	152	153	154	155	199	200	201	202	203	204	205	206	207	208	209	210	211	212	222	223	224	225	226	227	228	255	256	257	258	259	260	261	262	263	264	265	266	267
20	21	22	31	32	33	34	35	36	37	38	39	40	41	42	69	70	71	72	73
12	13	14	15	16	17	18	19	20	21	22	23	24	25	36	37	38	39	40	41	42	43	44	45	46	47	48	60	61	62	63	64	65	66	67	68	81	82	83	84	85	86	87	88	89	90	91	92	93	94	95	96	107	108	109	110	111	112	113	114	115	116	124	125	126	127	128	129	130	131	132	133	134	135	136	137	138	143	144	145	146	147	148	149	150
2	3	4	5	6	7	8	9	10	11	12	13	14	15	16	17	18	19	20	21	22	55	56	57	58	59	60	61	62	63	64	68	69	70	71	72	73	175	176	177	178	179	180	181	182	183	184	185	186	187	188	189	190	191	192	193	194	195	196	197	198
25	26	27	28	29	30	43	44	45	46	47	48	49	50	51	52	53	54	55	56	57	72	73	74	75	76	77	78	79	80	81	82	83	84	96	97	98	99	100	101	102	128	129	130	131	132	133	134	135	135	136	137	138	139	140	141	142	143	144
45	46	47	48	49	50	51	52	53	99	100	101	102	103	104	106	107	108	109	110	142	143	144	145	146	147	152	153	154	155	156	157	158	159	159	160	161	162	163	164	165	166	167	168	169	170	171	172	173	174	175	176	177	178	179	180	194	195	196	197	198	199	200	201	202	203	204	205	206	207	218	219	220	221	222	223	224	225	226	227	228	240	241	242	243	244	245	246	247	248	249	250	271	272	273	274	275	279	280	281	282	283	284	285	286	287	288	289	310	311	312	313	314	315	321	322	323	324	325	326	327	328	338	339	340	341	342	343	344	345	346	347	348	349	350	351	352	356	357	358	359	360	361	362	367	368	369	370	371	372	373	374	375	376	377	378	379	380	381
24	25	26	37	38	39	40	41	58	59	60	63	64	65	66	67	68	69	70	71	72
16	17	18	19	20	21	22	23	24	25	26	27	28	40	41	42	43	44	45	46	47	48	49	50	51	52	53	54	55	56	57	58	59	60	61	62	63	68	69	70	71	72	73	74	75	76	77	78	79	80	81	82	83	84	85	86	87	88	89	90	91	92	106	107	108	109	110	111	112	113	114	115	116	135	136	137	138	139	140	141	142	143	144	145	146	147	148	149	150	151	167	168	169	170	171	172	173	174	175	176	177	178	179	180	181	182	183	184	189	190	191	192	193	203	204	205	206	207	208	212	213	214	215	216	217	218	219	220	221	222	223	224	225	226	227	228	251	252	253	254	255	256	257	258	259	260	261	262	263	277	278	279	280	281	282	294	295	296	307	308	309	310	311	312	313	314	315	316	317	318	319	320	321	322	323	324	325	331	332	333	334	335	336	337	338	339	347	348	349	350	351	352
4	5	6	7	8	9	10	11	12	13	14	15	16	17	18	19	20	21	22	23	24	25	31	32	33	34	35	42	43	44	45	46	47	48	49	50	51	52	53	54	55	56	57	58	59	120	121	122	123	124	125	126	127	128	129	130	131	132	133	134	135	136	137	138	157	158	159	160	161	162	163	164	165	166	167	231	232	233	234	235	236	237	238	239	240	241	242	243	244	245	246	247	272	273	274	275	276	278	279	280	281	282	283	284	285	286	287	288	293	294	295	296	297	298	299	300	301	302	303	304	305	306	356	357	358	359	360	361	362	363	364	365	366	367	368	369	389	390	391	392	393	394	395	396	397	398	399	400	401	402	403	404	416	417	418	419	420	421	447	448	449	450	451	452	453	454	455	456	457	458	459	460	461	462	463	464	465	466
2	3	4	5	6	7	8	9	10	11	12	13	14	15	16	17	18	19	20	21	22	23	24	25	26	27	28	29	30	31	32	33	34	35	36	37	38	39	40	41	42	43	44	45	49	50	51	52	53	54	55	56	57	58	59	60	61	67	68	69	70	71	72	73	74	75	76	77	78	79	80	81	82	83	84	85	86	87	88	89	90	91	92	93	94	95	96	97	98
14	15	16	17	18	19	20	21	22	23	24	25	26	27	28	29	30	31	32	37	38	39	40	41	42	43	44	88	89	90	91	94	95	96	97	98	99	100	101	102	103	104	105	106	107	108	109	110	111	122	123	124	125	126	127	128	129	150	151	152	153
17	18	19	20	21	22	23	24	25	26	33	34	35	36	37	38	39	40	41	42	43	44	45	46	47	49	50	51	52	53	54	55	69	70	71	72	129	130	131	150	151	152	209	210	211	212	213	214	225	226	227	228	229	251	252	253	254	255	256	257	258	276	277	278	279	345	346	347	348	349
77	78	79	104	105	106	107	108
33	34	35	36	37	38	39	40	41	42	43	44	45	46	49	50	51	52	53	57	58	59	60	61	62	63	64	66	67	68	69	70	71	72	73	74	75	76	77	78	79	80	81	82	83	84	85	86	87	88	89	90	91	92	93	94	95	96	97	98	99	101	102	103	104	105	106	107	108	109	110	111	112	113	114	115	116	117	118	119	120	121	122	123	124	125	126	127	128	132	133	134	135	136	137	138	139	140	141	142	143	143	144	145	146	147	148	149	150	151	152	153	154	155	156	157	158	159	160	161	162	163	164	165	166	167	168	169	170	171	185	186	187	188	189	190	191	192	193	194	195	196	197	198	199	200	201	202	203	204	205	206	206	207	208	209	210	211	212	213	214	215	216	217	218	219	220	221	224	225	226	227	228	229	230	231	232	233	234	235	236	237	238	239	240	241	242	243	244	245	246	247	248	249	250	251	252	253	254	255	258	259	260	261	262	263	264	265	266	267	268	268	269	270	271	272	273	274	275	276	277	278	279	280	281	282	283	284	285	286	287	288	289	290	291	300	301	302	303	304	305	306	307	308	309	310	311	312	313	314	315	316	317	318	319	332	333	334	335	336	337	338
11	12	13	14	15	16	32	33	34	35	36	37	38	39	40	41	42	43	44	45	46	47	48	49	50	51	52	53	54	55	60	61	62	63	64	65	66	67	68	69	70	71	72	73	74	75	82	83	84	85	86	87	105	106	107	108	109	110	111	112	113	156	157	158	159	160	161	162	163	164	165	166	167	168	169	170	171	172	172	173	174	175	176	177	178	179	180	181	182	183	184	192	193	194	195	196	197	198	199	200	201	202	203	204	205	206	207	208	209	210	211	216	217	218	219	220	221	222	223	224	225	226	227	228	229	230	231	232	233	234	235	240	241	242	243	244	245	246	247	248	249	250	251	252	253	254	255	256	268	269	270	271	272	273	274	275	277	278	279	280	281	282	283	284	285	286	287	288	289
16	17	18	19	20	21	22	23	24	25	26	71	72	73	74	75	76	77	78	79	80	81	82	83	84	85	102	103	104	105	106	107	108	109	110	111	112	113	113	114	115	116	117	118	119	133	134	135	136	137	138	139	140	141	141	142	143	144	145	146	147	148	149	150	165	166	167	168	169	170	171	172	173	174	175	176	190	191	192	193	194	195	216	217	218	219	220	221	235	236	237	238	239	240	241	242	243	244	245	246	247	248	249	250	304	305	306	307	308	309	310	311	312	313	314
20	21	22	23	24	25
2	3	4	5	6	7	8	9	10	11	12	13	14	15	16	17	18	19	20	21	22	23	24	24	25	26	27	28	29	30	31	32	33	34	35	36	37	38	39	40	44	45	46	47	48	51	52	53	54	55	56	57	58	59	60	61	62	63	64	65	66	67	68	69	70	72	73	74	75	76	77	78	79	80	81	82	83	84	85	86	87	88	89	90	91	92	93	94	95	96	97	98	99	106	107	108	109	110	111	112	113	114	115	116	117	118	119	120	121	122	123	124	125	126	127	128	129	130	131	132	133	134	135	136	137	138	139	140	141	142	154	155	156	157	158	159	160	161	162	163	164	165	166	167	167	168	169	170	171	172	174	175	176	177	178	179	180	181	182	183	184	185	186	187	188	189	190	191	192	193	194	195	196	197	198	199	201	202	203	204	205	207	208	209	210	211	212	213	214	215	216	217	218	219	220	221	222	223	224	225	226	227	228	229	230	231	232	233	234	235	236	237	238	243	244	245	246	247	251	252	253	254	255	256	257	258	259	260	261	262	263	264	265	266	267	268	269	270	271	272	273	274	275	276	277	278	279	280	281	282	283	284	285	286	287	288	289	290	291
8	9	10	11	12	13	19	20	21	22	23	24	25	26	27	28	29	30	31	32	35	36	37	38	39	40	41	42	43	44	45	46	47	48	49	50	51	52	53	54	55	56	57	58	59	60	61	62	63	64	65	67	68	69	70	71	72	73	74	75	76	77	78	79	80	81	82	83	84	85	86	87	88	89	90	91	92	93	94	101	102	103	104	105	106	107	108	109	110	111	112	113	114	115	116	117	120	121	122	123	124	125	126	127	128	129	130	131	132	133	134	135	136	137	138	139	140	141	142	143	145	146	147	148	149	150	151	152	153	154	155	156	157	158	159	160	161	162	163	164	165	166	167	168
14	15	16	17	18	19	20	20	21	22	23	24	25	26	27	28	29	30	31	36	37	38	39	40	43	44	45	46	47	99	100	101	102	103	113	114	115	116	117	118	122	123	124	125	126	194	195	196	197	198	199	200	201	202	203	204	205	206	207	240	241	242	243	244	245	246	247	248	249	250	253	254	255	256	257	258	259	260	261	262	263	264	265	266	267	269	270	271	272	273	274	275	276	329	330	331	359	360	361
4	5	6	7	8	9	10	11	12	13	14	15	16	17	18	19	20	21	22	23	24	25	26	31	32	33	34	35	36	37	38	39	40	79	80	81	82	83	86	87	88	89	90	91	92	93	94	95	96	97	98	99	111	112	113	114	115	116	117	118	119	131	132	133	134	135	136	137	138	139	140	141	142	143	144	145	162	163	164	165	166	167	168	169	178	179	180	181	182	196	197	198	199	200	201	210	211	212	213	214	215	216	217	218	219	220	221	232	233	234	235	236	237	238	239	240	241	242	251	252	253	254	255	262	263	264	265	266	267	268	269	270	271	272	273	274	275	286	287	288	289	290	291	292	293	294	295	296	304	305	306	307	308	309	310	311	312	313	314	315	316	317	318	319	320	321	322	323	324	325	326	327	328	329	330	331	332	333	334	335	336	337	338	341	342	343	344	345	346	347	348
3	4	5	6	7	8	9	53	54	55	56	57	58	59	60	61	62	63	64	65	66	67	68
20	21	22	23	24	25	26	27	28	29	30	31	32	33	34	35	36	37	38	39	45	46	47	48	49	74	75	76
46	47	48	49	50	51	52	53	54	55	56	57	58	59	60	61
2	3	4	5	6	7	8	9	10	11	12	13	14	15	17	18	19	20	21	22	23	24	25	26	27	28	29	30	31	32	33	34	35	36	37	38	39	46	47	48	49	50	71	72	73	74	75	76	77	78	79	80	81	82	83	84	85	86	87	125	126	127	128	129	130	131	132	133	134	135	136	137	138	144	145	146	147	148	149	150	151	152	153	154	155	156	157	158	171	172	173	174	175	176	177	178	179	180	181	182	183	184	185	186	187	188	189	190	191	192	193	204	205	206	231	232	233	234	235	236	237	238	239	240	241	242	243	244	245	246	247	248	250	251	252	253	254	255	263	264	265	266	267	268	269	270	271	272	273	274	275	289	290	291	292	293	294	295	296	297	298	299	300	301	302	303	304	305	306	307	308	309	310	311	351	352	353	354	355	356	357	358	359	360	361	384	385	386	387	388	389	390	391	392	393	394	395	396	397	398	399	400	401	402	403	404	405	406	407	408	409	410	411	417	418	419	420	421	422	423	425	426	427	428	429	430	431	432	433	434
1	2	3	4	5	6	6	7	8	9	10	11	12	13	14	15	16	17	18	19	20	21	22	33	34	35	36	37	38	39	40	41	42	43	44	45	46	47	48	49	50	51	52	53	54	55	55	56	57	58	59	60	61	62	63	64	65	66	67	68	70	71	72	73	74	75	76	77	78	79	80	81	82	83	84	85	86	87	88	89	90	91	92	93	94	95	110	111	112	113	114	115	116	117	118	128	129	130	131	132	133	134	135	136	137	138	139	140	141	142	142	143	144	145	146	147	148	149	150	177	178	179	180	181	182	183	184	185	186	187	202	203	204	205	206	207	208	209	210	211	212	213	214	215	216	217	218	219	220	221	222	241	242	243	244	245	246	247	248	249	250	251	252	253	254	255	266	267	268	269	270	271	272	273	274	275	285	286	287	288	289	290	291	292	294	295	296	297	298	299	300	301	302	303	309	310	311	312	313	314	315	316	317	318
52	53	54	55	56	57	58	59	60	61	62	63	64	65	66	67	68	69	70	71	72	73	131	132	133	134	135	136	137	138	139	140	141	142	143	144
13	14	15	16	17	18	19	20	21	22	23	24	25	26	41	42	43	44	45	46	51	52	53	54	55	60	61	62	63	64	65	66	67	68	69	70	71	72	73	75	76	77	78	79	80	81	82	83	84	85	101	102	103	104	105	106	107	108	109	110	122	123	124	125	126	127	128	129	149	150	151	152	153	154	155	156	157	158	159	160	161	162	163	164	202	203	204	205	206	207	208	209	210	211	212	213	271	272	273	274	275	276	277	278	279	280	281	282	283	284	285	286	287	288	289	290	291	292	334	335	336	337	338	339	340	341	342	343	344	345	346	347	352	353	354	355	356	357	358	359
1	2	3	4	5	6	7	8	9	10	11	12	13	14	15	16	17	18	19	20	21	22	23	24	24	25	26	27	28	29	30	31	32	33	34	35	36	37	38	39	40	41	42	43	44	45	46	47	48	49	50	55	56	57	58	59	60	61	62	63	63	64	65	66	67	68	69	70	71	72	73	74	75	76	77	78	79	85	86	87	88	89	90	91	92	93	94	95	96	97	98	99	100	101	102	103	104	107	108	109	110	111	112	113	114	115	116	117	118	119	120	121	122	123	124	125	126	127	128	129	130	131	134	135	136	137	138	139	140	141	142	143	144	145	146	147	148	149	150	151	152	153	154	155	156	157	158	159
19	20	21	22	23	41	42	43	44	45	141	142	143	149	150	151
7	8	9	10	11	12	13	14	15	16	17	18	19	20	21	22	57	58	59	60	61	62	63	64	65	66	67	68	69	70	71	72	72	73	74	75	76	77	78	79	80
37	38	39	40	41	42	43	44	45	46	47	48	49	50	51	94	95	96	97	98	99	100	101	102	103	104	105	126	127	128	129	130	131	132	133	134	135	136	137	138	139	140	141	142	146	147	148	149	150	151	152	153	154	155	156	157	158	159	164	165	166	167	168	187	188	189	190	191	197	198	199	200	201	202	202	203	204	205	206	207	208	209	210	211	212	213	214	215	216	232	233	234	235	236	237	238	239	240	241	245	246	247	248	249	250	251	252	253	254	255	267	268	269	270	271	272	273	274	275	276	277	278	286	287	288	289	290	291	292	293	294	295	296	297	324	325	326	327	328	329	330	331	332	333	334	335	336	337	338	338	339	340	341	342	343	344	345	346	347	348	349	350	351	352	353	358	359	360	361	362	363	364	365	366	370	371	372	373	374	379	380	381	382	383	385	386	387	388	389	390	391	392	393	394	395	396	397	398	399	400
17	18	19	20	21	22	23	24	25	26	27	28	29	30	35	36	37	38	39	40	41	42	43	44	45	46	47	48	49	50	51	52	53	55	56	57	58	59	60	61	62	63	64	65	66	67	73	74	75	76	77	78	79	80	81	82	83	84	85	86	87	88	89	90	91	92	93	94	95	96	97	98	99	100	101	102	103	104	105	106	107	108	109	110	111	112	113	118	119	120	121	122	123	124	125	134	135	136	137	138	139	140	141	142	143	144	145	146	151	152	153	154	155	156	157	158	159	160	161	162	163	164	165	166	167	168	169	196	197	198	199	200	201	202	203	204	205	206	207	208	209	210	211	212	213	214	217	218	219	220	221	222	223	224	225	226	227	228	229	230	231	232	233	234	235	243	244	245	246	247	248	249	250	251	252	253	254	255	256	257	258	259	267	268	269	270	271	272	273	274	275	276	277	278
9	10	11	12	13	14	15	16	17	18	19	20	21	22	23	31	32	33	34	35	36	37	38	39	40	41	42	43	61	62	63	64	65	66	67	68	69	70	80	81	82	83	84	85	86	87	88	89	90	91	92	117	118	119	120	121	122	123	128	129	130	140	141	142	143	144	145	146	158	159	160	161	162	163	164	165	166	167	168	169	170	181	182	183	184	185	186	187	188	189	190	191	192	193	194	195	196	197	198	199	200	201	202	203	204	205	206	207	208	209	210	213	214	215	216	217	218	219	220	221	222	223	224	225	226	227	228	229	230	231	232	233	234	235	236	238	239	240	241	242	243	244	247	248	249	250	251	252	253	254	257	258	259	260	261	262	263	264	265	266	267	268	269	272	273	274	275	276	277	278	279	280	281	282	283	288	289	290	291	292	293	294	295	296	297	298	299	300	301	302	303	304	308	309	310	311	312	313	314	315	316	317	318	319	320	323	324	325	326	327	328	329	330	331	332	333
12	13	14	15	16	17	18	19	20	21	22	23	24	25	29	30	31	32	33	34	35	36	37	38	39	40	41	42	56	57	58	59	60	62	63	64	65	66	67	68	69	70	71	72	73	74	75	76	77	78	79	80	81	82	83	84	85	86	87	90	91	92	93	94	95	96	97	98	99	100	101	102	103	104	105	106	107	108	109	110	126	127	128	129	130	131	132	133	134	135	136	137	156	157	158	159	160	161	162	163	164	165	166	167	168	171	172	173	174	175	176	177	178	179	180	181	182	183	184	185	186	206	207	208	209	210	211	212	213	214	245	246	247	248	249	250	251	252	253	253	254	255	256	257	258	259	260	261	262	263	264	268	269	270	271	272	273	274	275	276	277	278	279	280	281	282	283	284	285
16	17	18	19	26	27	28	29	30	31	32	33	34	35	36	37	38	39	40	41	42	43	44	79	80	81	82	83	84	85	86	87	88	89	90	91	92	93	126	127	128	129	130	131	132	133	134	135	136	137	138	139	140	141	142	143	144	145	146	146	147	148	149	150	151	167	168	169	170	171	172	173	174	175	176	177	178	179	180	181	182	183	184	185	186	187	188	189	190	205	206	207	208	209	210	211	212	213	214	215	216	217	218	219	248	249	250	251	252	253	254	255	256	257	258	259	260	261	262	263	264	265	286	287	288	289	290	291	292	293	294	295	296	297	298	299	300	301	302	303	304	305	306	307	308	345	346	347	348	349	350	351	352	353	354	355	421	422	423	424	425	426	427	428	429	436	437	438	439	440	441	442	443	444	445	446	447	485	486	487	488	489	493	494	495	496	497
15	16	17	18	19	20	21	22	23	24	25	26	27	28	29	30	31	43	44	45	46	47	48	49	50	51	52	53	63	64	65	66	67	68	69	70	71	72	109	110	111	112	113	114	125	126	127	128	129	130	131	132	133	134	135	136	137	138	141	142	143	144	145	152	153	154	155	156	157	158	159	160	161	162	176	177	178	179	180	181	182	183	184	185	186	194	195	196	197	198	199	200	241	242	243	244	245	246	247	248	249	250	251	252	253	254	255	256	257	258	259	260	261	263	264	265	266	267	268	269	270	271	272	273	274	275	276	284	285	286	287	288	289	290	291	292	293	294
10	11	12	15	16	17	18	19	20	21	22	130	131	132	147	148	149	150
28	29	30	31	32	33	34	35	36	37	38	39	40	41	42	43	44	45	46	47	48	49	50	55	56	57	58	59	60	61	62	63	64	65	73	74	75	76	77	78	79	80	81	82	83	84	85	86	87	88	91	92	93	94	95	96	97	98	99	100	101	103	104	105	106	107	108	109	110	111	112	113	114	115	116	118	119	120	121	122	123	125	126	127	128	129	130	131	132	133	134	135	136	144	145	146	147	148	159	160	161	162	163	164	165	166	167	168	175	176	177	178	179	180	181	182	183	184	185	186	187	188	189	190	191	192	193	194	195	196	197	198	199	200	201	202	203	204	205	206	207	208	209	210	211	212	213	214	215	216	217	218	219	220	221	222	223	224	225	226	227	228	229	230	231	232	233	234	235	236	241	242	243	244	245	246	247	248	259	260	261	262	263	264	265	266	267	268	269	270	271	272	273	274	275	276	277	278	279	280	281	282	282	283	284	285	286	287	288	289	292	293	294	295	296	297	298	299	300	301	302	303	304	305	306	307	308	309	310	311	312	313	314	315	316	317	330	331	332	333	334	335	336	337	338	339	340	341	342	343	344	345	346	347	348	349	350	351	352	353	354	355	356	357	358	359	360	361	362	363	364	365	366	367	373	374	375	376	377	378	379	380	381	382	383	384	385	386	387	388	389	390	391	392	393	394	395	396	397	398	399	400	401	402	403	404	405	406	407	408	409
9	10	11	12	13	16	17	18	19	20	21	22	23	24	25	26	37	38	39	40	41	42	43	44	45	46	47	48	49	50	51	52	62	63	64	65	66	67	68	69	70	71	72	73	87	88	89	90	91	92	95	96	97	98	99	100	101	111	112	113	114	115	117	118	119	120	121	122	123	124	125	153	154	155	156	157	158	159	160	161	162	163	164	165	166	167	177	178	179	180	181	182	183	184	185	186	193	194	195	196	197	205	206	207	208	209	220	221	222	223	224	225	226	227	228	229	230	231	232	233	234	241	242	243	244	245	246	247	248	249	250	251	252	255	256	257	258	259	260	261	262	263	264	265	266	267	268	269	270	271	272	273	274	275	276	297	298	299	300	301	302	303	304	305	306	307	330	331	332	333	334	335	336	337	338	339	340	341	342	343	344
48	49	50	51	52	53	54	55	56	57	58	59	60	61	62	63	64	65	66	67	68	69	70	71	72	73	74	75	76	77	78	82	83	84	85	86	87	88	89	90	91	92	93	94	95	96	97	98	99	100	101	102	103	104	105	106	107	108	109	156	157	158	159	160	161	162	163	164	165	166	167	168
25	26	27	28	29	30	31	32	33	34	35	36	53	54	55	56	57	58	59	60	61	62	75	76	77	78	79	80	81	81	82	83	84	85	86	89	90	91	92	93	94	95	96	97	98	99	100	101	102	103	104	105	106	123	124	125	126	127	128	129	130	131	132	133	134	135	136	137	147	148	149	150	151	152	153	154	155	156	157	158	159	160	161	162	204	205	206	207	208	214	215	216	217	218	219	220	221	222	223	224	225	226	227	228	229	230	242	243	244	245	246	247	248	249	250	251	252	253	254	255	256	257	258	259	260
49	50	51	52	53	54	55	56	84	85	86	87	88	89	90	91	92	93	94	95	96	97	98	99	110	111	112	113	114	115	116	117	118	119	120	121	122	123	139	140	141	142	143	144	145	146	147	148	150	151	152	153	154	155	156	157	158	159	160	161	162	163	164	169	170	171	172	173	174	175	176	177	178	179	180	181	182	183	186	187	188	189	190	191	192	193	194	195	196	197	198	199	200	201	202	203	211	212	213	214	215	216	217	218	219	220	221	222	223	224	225	226	227	228	229	230	231	232	233	234	235	236	237	238	239	243	244	245	246	247	248	249	250	251	252	269	270	271	272	273	274	275	276	277	278	279	280	297	298	299	300	301	302	303	304	305	306	307	308	309	310	311	312
9	10	11	12	13	14	15	16	19	20	21	22	23	24	25	26	27	28	29	30	31	32	33	34	39	40	41	42	43	44
8	9	10	11	12	13	14	15	16	17	18	40	41	42	43	44	45	46	47	48	49	50	51	52	53	54	55	56	57	70	71	72	73	74	75	76	79	80	81	82	83	84	85	86	105	106	107	108	109	110	111	112	113	114	115	116	117	118	119
18	19	20	21	22	23	24	25	26	27	28	29	30	31	32	33	34	35	36	37	61	62	63	64	65	66	67	68	69	70	71	72	73	74	75	76	77	78	79	80	81	82	83
2	3	4	5	6	7	8	9	10	11	12	13	14	15	16	17	18	19	34	35	36	37	38	39	40	41	42	43	44	45	46	47	67	68	69	70	71	72	73	74	75	76	77	78	79	80	81	82	83	84	93	94	95	96	97	98	99	100	101	104	105	106	107	108	109	110	111	112	113	114	115	116	117	118	119	120	121	122	123	124	134	135	136	137	138	139	140	141	142	143	144	145	146	147	148	149	151	152	153	154	155	156	157	173	174	175	176	177	178	179	180	181	182	183	184	191	192	193	194	195	196	198	199	200	201	202	203	204	205	206	207	207	208	209	210	211	212	213	214	215	216	218	219	220	221	222	223	224	225	226	227	228	229	230	231	232	233	234	235	236	237	238	239	240	241	242	243	244	245	246	247	248	255	256	257	258	259	260	263	264	265	266	267	268	269	270	271	272	273	274	275	276	279	280	281	282	283	284	285	286	287	288	289	290	291
18	19	20	21	22	82	83	84	104	105	106	107	108	109	110	111	112	113	114	115	116	142	143	144	145	146	147	148	149	150	151	182	183	184	185	186	187	188	189	190	191	197	198	199	200	201
5	6	7	8	9	10	11	12	13	14	15	16	17	18	19	20	21	22	23	24	25	26	27	28	29	30	31	32	48	49	50	51	52	53	54	81	82	83	84	85	86	87	88	89	90	91	92	93	94	104	105	106	107	108	109	110	111	112	113	114	115	116	117	118	119	120	121	122	123	124	125	126	127	128	129	130	131	146	147	148	149	150	151	152	153	154	155	156	157	158	159	193	194	195	196	197	198	199	200	201
8	9	10	41	42	43	44	45	48	49	50	51	52	53	54	55	56	57	58	59	60	61	62	63	64	72	73	74	75	76	77	78	78	79	80	81	82	83	84	85	86	87	88	89	90
23	24	25	26	27	28	29	30	31	32	33	34	35	36	37	38	39	40	41	42	56	57	58	59	60	61	62	63	64	65	66	67	68	69	70	71	97	98	99	100	101	102	103	104	105	106	107	108	109	110	111	112	113	114	115	116	128	129	130	131	132	133	134	148	149	150	151	152	153	154	155	156	159	160	161	162	163	164	165	166	167	168	169	170	171	172	173	174	180	181	182	310	311	312
23	24	25	26	27	28	29	30	31	32	33	34	35	65	66	67	68	69	70	71	72	73	74	75	76	77	78	79	80	81	82	83	84	85	86	87	88	89	90	91	92	93	94	95	96	97	98	99
1	2	3	4	5	6	7	8	9	10	11	12	13	14	17	18	19	20	21	22	23	24	25	26	28	29	30	31	32	33	34	35	36	37	38	39	40	41	42	42	43	44	45	46	47	48	49	50	51	52	53	54	55	56	63	64	65	66	67	68	69	70	71	72	73	74	75	76	77	82	83	84	85	86	87	88	89	90	91	92	93	94	100	101	102	103	104	105	106	107	108	109	110	111	112	120	121	122	123	124	125	126	127	128	129	130	131	132	133	138	139	140	141	142	143	144	145	146	147	148	149	150	151	152	153	154	155	156	157	171	172	173	174	175	176	177	178	179	180	181	187	188	189	190	191	192	193	194	194	195	196	197	198	199	200	201	202	203	204	205	206	207	208	209	210	212	213	214	215	216	217	218	219	220	221	222	223	224	225	226	227	228	237	238	239	240	241	242	243	244
7	8	9	10	11	12	13	14	15	16	17	18	19	23	24	25	26	27	28	29	30	31	32	33	34	35	36	37	38	39	40	41	42	43	44	66	67	68	69	70	81	82	83	84	85	86	87	88	89	90	91	92	145	146	147	148	149	150	151	152	153	154	155	156	157	158	159	172	173	174	175	176	177	178	179	180	181	182	208	209	210	211	212	213	214	215
71	72	73	74	75
21	22	23	24	25	26	27	28	29	30	31	32	33	34	44	45	46	47	48	49	50	51	52	53	54	55	56	57	58	59	99	100	101	102	103	104	105	106	107	108	109	110	111	112	113	114	115	116	117	118	119	120	132	133	134	135	136	154	155	156	157	158	159	160	161	162	163	164	170	171	172	173	174	175	176	177	178	179	180	181	182	183	184	185	186	187	188	189	190	191	192	193	194	195	220	221	222	223	224	225	226	227	228	229	230	231	235	236	237	238	239	240	249	250	251	252	253	254	255	256	257	258	259	260	261	262	278	279	280	281	282	283	284	285	286	287	288	289	290	311	312	313	314	315	316	317	318	319	320	321	328	329	330	331	332	333	334	335	336	337	338
2	3	4	5	6	7	8	9	10	11	12	13	14	15	75	76	77	78	79	80	81	82	83	84
23	24	25	26	32	33	34	35	36	37	38	39	40	41	42	43	44	45	46	47	48	69	70	71	72	73	74	89	90	91	93	94	95	96	97	98	99	100	101	102	119	120	121	122	123	124	125	126	127	144	145	146	147	148	149	150	151	152	153	154	155	156	157	164	165	166	167	168	169	170	171	172	175	176	177	179	180	181	182	183	184	185	186	187	188	189	191	192	193	194	195	196	197	198	199	200	201	202
5	6	7	8	9	10	14	15	16	24	25	26	27	28	29	30	31	32	33	34	35	36	55	56	57	58	59	60	61	62	63	69	70	71	72	73	77	78	79	80	81	82	94	95	96	97	98	99	100	101	102	123	124	125	126	127	128	129	130	131	132	133	134
2	3	4	5	6	7	8	9	10	11	12	35	36	37	38	39	40	41	42	43	44	45	48	49	50	51	52	53	54	55	56	57	58	68	69	70	71	72	73	74	75	76	77	78	79	80	81	82	83	84
19	20	21	22	23	24	25	26	27	28	29	59	60	61	62	63	64	75	76	77	78	79	80	81	82	83	84	85	86	87	119	120	121	122	123	124	125	126	127	128	129	130	131	132	133	134	135	146	147	148	149	150	151	152	153	156	157	158	159	160	161	162	163	164	165	166	167	168	183	184	185	186	187	188	189	190	191	192	193	193	194	195	196	197	198	199	210	211	212	213	214	230	231	232	233	234	235	237	238	239	240	241	242	243	253	254	255	256	270	271	272	273	274	275	276	277	278	298	299	300	301	302	303	304	305	306	307	308	319	320	321	322	323	324	325	326	327	328
25	26	27	28	42	43	44	45	46	55	56	57	58	59	60	61	74	75	76	77	78	79	80	126	127	128	129	130	131	132	133	134	135	136	137	137	138	139	140	141	142	143	154	155	156	157	158	159	160	167	168	169	170	171	172	173	174	175	176	177	178	179	180	181	182	183	184	185	186	187	188	189	190	191	192	193	194	195	196	197	198	199	200	201	202	203	204	205	206	207	208	209	210	233	234	235	236	249	250	251	252	253	262	263	264	265	266	267	268	283	284	285	286	287	288	289	290	336	337	338	339	340	341	342	343	344	345	346	347	347	348	349	350	351	352	353	354	355	356	364	365	366	367	368	369	370	371	377	378	379	380	381	382	383	384	385	386	387	388	389	390	391	392	393	394	395	396	397	398	399	400	401	402	403	404	405	406	407	408	409	410	411	412	413	414	415	416	417
21	22	23	128	129	130	131	132	133	203	204	205	206	314	315	316	317	318	319
6	7	8	9	10	11	12	13	14	15	16	17	18	19	20	21	26	27	28	29	30	31	32	33	34	35	36	37	38	39	40	41	42	43	44	45	46	47
16	17	18	19	20	21	22	23	24	25	26	27	28	29	30	55	56	57	58	59	78	79	80	81	82	83	84	85	86	87	88	89	90	91	92	106	107	108	109	110	111	112	113	114	115	116	117	118	118	119	120	121	122	123	124	125	126	138	139	140	141	142	143	144	145	146	147	148	149	150	151	152	153	154	155	156	157	158	159	160	176	177	178	179	180	181	182	183	184	185	186	187	188	189	190	191	192	193	194	209	210	211	212	213	230	231	232	233	234	235	236	237	238	239	240	241	243	244	245	246	247	248	249	250	258	259	260	261	262	271	272	273	274	275	276	277	278	279	280	281	282	283	284	285	286	287	303	304	305	306	307	323	324	325	326	327	328	329	330	331	332	333	334	335	336	337	338	339	340	341	342	343	344
16	17	18	19	20	21	40	41	42	43	44	45	46	47	48	49	50	51	52	53	54	55	56	57	58	59	60	61	65	66	67	68	69	70	71	72	73	74	75	76	77	78	103	104	105	106	107	108	109	110	126	127	128	129	130	131	133	134	135	136	137	138	139	140	141	142	143	144	145	146	147	148	149	150	164	165	166	167	168	169	170	171	172	173	174	175
3	4	5	6	7	8	9	10	11	12	13	14	15	16	17	18	19	22	23	24	25	26	27	28	29	30	31	32	33	34	35	36	37	38	39	40	41	42	43	66	67	68	69	70	80	81	82	83	84	85	86	87	88	89	90	98	99	100	101	102	103	104	105	106	107	108	109	110	111	112	113	114	115	116	153	154	155	156	157	158	164	165	166	167	168	169	170	171	174	175	176	177	178	179	180	181	182	183	184	185	186	187	188	189	190	191	192	193	194	195	196	197	198	199	200	201	202	203	204	205	206	207	208	209	210	211	214	215	216	217	218	219	220	221	222	223	224	225	226	227	228	229	230	267	268	269	270	271	272	273	274	275	276	277	285	286	287	288	289	292	293	294	295	296	297	298	299	300	301	302	303	340	341	342	343	344	348	349	350	351	352	356	357	358	359	360	361	362	363	364	365	366	367	368	369	370	371	372	373	374	375	376	377	378	379	380	381	382	383
1	2	3	4	5	6	7	8	9	10	11	12	13	14	15	16	17	18	19	20	21	22	23	57	58	59	60	61	62	63	64	65	66	67	68	69	70	71	72	73	74	75	77	78	79	80	81	82	83	84	85	86	87	88	89	90	91	92	93	100	101	102	103	104	105	106	107	108	109	110	111	112	113	115	116	117	118	119	120	150	151	152	153	154	155	156	157	158	159	160	161	162	163	164	165	166	167	168	169	170	171	172
5	6	7	8	9	10	11	12	13	14	15	16	17	18	19	61	62	63	64	65	66	67	68	69	70	71	72	73	74	75	76	84	85	86	87	88	89	99	100	101	102	103	104	105	113	114	115	116	117	118	120	121	122	123	124	125	126	127	128	129	134	135	136	137	138	139	140	141	142	143	144	158	159	160	161	162	163	164	165	166	167	168	169	170	171	172	173	174	176	177	178	179	180	181	182	183	184	185	232	233	234	235	236	241	242	243	244	245	246	247	248	249	250	251	252	253	254	259	260	261	262	263	264	265	266	267	326	327	328	329	330	331	332	333	334	335	336	337	338	339	340	341	342
16	17	18	19	20	21	22	23	24	25	26	27	28	29	42	43	44	45	46	47	48	49	50	51	52	53	54	55	94	95	96	97	100	101	102	103	104	105	106	107	108	109	110	111	112	113	114	115	116	130	131	132	133	134	135	136	137	138	139	140	171	172	173	174	175	176	177	178	179	180	181	182
8	9	10	11	12	13	14	15	16	17	18	19	20	57	58	59	60	63	64	65	66	67	68	69	70	71	72	82	83	84	85	86	87	88	89	90	91	92	93	94	103	104	105	106	107	108	109	110	117	118	119	120	121	122	123	124	125	126	127	145	146	147	148	149	150	151	152	153	154	155	156	157	158	158	159	160	161	162	163	164	165	166	167	168	169	170	171	172	173	175	176	177	178	179	180	181	182	183	184	185	186	187	188	189	190	191	192	195	196	197	198	199	200	201	202	203	205	206	207	208	209	210	211	212	213	214	215	216	217	218	219	220	221	222	223	224	225	226	227	228	229	230	231	232	234	235	236	237	238	240	241	242	243	244	245	246	247	248	249	250	251	254	255	256	257	258	259	260	261	264	265	266	267	268	269	270	271	272	273	274	275	276	277	278	279	280	281	282	283	284	285	286	287	288	289	290	296	297	298	299	300	302	303	304	305	306	307	308	309	310	311	312	313	314	315	316	317	318	319	320	321	322	324	325	326	327	328	329	330	331	332	333	334	335	336	337	338	339	340	341	342	351	352	353	354	355	356	357	358	359	360	361	362	363	364	365	366	367	368	369	370	371
7	8	9	10	11	12	13	45	46	47	48	49	50	160	161	162	163	195	196	197	198	199	200	233	234	235	236	237	238	239	240	241	242	243	244	250	251	252	253	254	255	256	257	258	259	285	286	287	288	289	290	343	344	345	346	347
15	16	17	18	19	20	21	22	23	24	25	26	27	28	29	30	42	43	44	45	46	51	52	53	54	55	56	57	58	59	60	61	62	63	64	73	74	75	76	77	78	83	84	85	86	87	88	89	90	91	92	93	94	95	107	108	109	110	111	112	113	114	115	116	118	119	120	121	122	141	142	143	144	145	146	147	148	149	150	151	152	155	156	157	158	159	177	178	179	180	181	182	183	184	185	186	187	196	197	198	199	200	201	202	203	204	205	206
1	2	3	4	5	16	17	18	19	20	21	22	23	24	25	26	27	28	29	30	44	45	46	47	48	49	50	51	68	69	70	71	72	73	74	75	76	77	78	79	80	89	90	91	92	93	94	95	96	97	98	99	100	101	102	103	104	105	106	107	107	108	109	110	111	112	113	114	115	116	117	118	119	120	121	122	123	124	125	126	127	128	129	130	131	132	133	134	135	136	138	139	140	141	142	143	152	153	154	155	156	157	158	159	160	161	162	163	164	165	166	167	168	169	176	177	178	179	180	181	182	183	184	185	186	187	188	189	190	191	192	193	194	195	196	197	198	199	200	201	202	203	204	205	206
7	8	9	10	11	12	13	14	15	16	17	18	19	20	53	54	55	56	57	58	59	60	61	62	63	64	65	66	67	68	69	70	71	91	92	93	94	95	96	97	98	99	100	101	102	103	104	114	115	116	117	134	135	136	137	138	139	140	141	150	151	152	153	154	155	156	157	158	159	167	168	169	170	171	172	174	175	176	177	178	179	180	181	182	183	184	185	186	187	188	200	201	202	203	204	205	206	207	208	209	210	219	220	221	222	223	224	225	226	227	228	229	230	231	232	235	236	237	238	239	255	256	257	258	259	260	261	262	263	264	265	266	275	276	277	278	279	280	281	282	284	285	286	287	288	289	290	291	292	293	294	295	310	311	312	313	314	315	316	317	318	319	322	323	324	325	326	327	328	329	330	331	332	333	334	335	336	337	338	339	340	341	342	343	344	345	353	354	355	356	357	358	359	360	361	362	363	364	365	402	403	404	405	406	407	408	409	410
10	11	12	13	14	15	16	17	18	59	60	61	62	63	64	65	66	67	68	69	70	71	72	80	81	82	83	84	85	86	87	88	89	90	91	92	93	94	95	96	97	98	99	100	112	113	114	115	116	117	118	119	120	121	122	140	141	142	150	151	152	153	154	155	208	209	210	211	212	213	214	215	221	222	223	224	225	226	227	228	229	230	248	249	250	251	252	253	254	255	256	257	258	259	260	261	262	263	264	274	275	276	277	278	297	298	299	300	301	302	303	304	305	306	307	308	309	310	311
19	20	21	22	23	24	42	43	44	45	46	47	48	49	50	51	52	53	95	96	97	98	99	100	101	102	103	104	105	106	107
11	12	13	14	15	16	17	18	19	20	21	22	23	24	39	40	41	42	43	44	45	46	47	48	49	53	54	55	56	57	62	63	64	65	66	67	68	69	71	72	73	74	75	76	77	78	79	80	81	82	83	84	85	86	87	88	89	90	91	109	110	111	112	113	114	115
17	18	19	20	21	22	23	24	25	26	27	28	29	30	34	35	36	37	38	39	40	41	42	43	44	45	46	47	48	49	50	51	52	53	54	59	60	61	62	63	64	65	66	67	68	69	70	71	72	73	74	75	76	77	78	79	80	81	82	83	84	85	86	87	88	89	112	113	114	115	116	117	118	119	120	121	122	123	124	125	126	127	128	129	130	131	132	133	134	135	140	141	142	143	144	145	146	147	148	149	150	151	152	153	154	155	156	157	158	159	160	161	166	167	168	169	170	171	172	173	174	175	176	177	178	179	180	181	182	183	184	185	186	187	188	189	190	191	192	193	194	198	199	200	201	202	203	204	205	206	207	208	209	210	211	212	213	214	215	216	217	218	219	220	221	222	223	224	225	226	238	239	240	241	242	243	244	245	246	247	248	249	250	251	252	253	254	255	256	257	258	259	260	261	262	263	264	265	269	270	271	272	273	274	275	276	277	278	279	280	281	282	283	284	285	286	287	288	289	297	298	299	300	301	302	303	304	305	306	307	308	309	310	311	312	313	314	315	316	317	318	329	330	331	332	333	343	344	345	346	347	348	349	350	351	352	353	354	355	356	357	358	359	360	361	362	363	364	365	366	367
50	51	52	77	78	79	80	81	82	83	84	85	86	87	88	110	111	112	113	114	115	116	117	118	119	120	121
26	27	28	29	30	31	32	33	34	35	36	37	38	39	40	60	61	62	63	64	65	66	67	68	69	70	71	72	73	74	88	89	90	91	92	93	97	98	99	100	101	102	103	104	112	113	114	115	116	117	118	119	120	121	122	123	124	125	134	135	136	137	138	139	140	145	146	147	148	149	150	151	152	153	154	155	156	157	158	159	160	161	162	163	164	191	192	193	194	195	196	220	221	222	223	224	225	226	227	228	229	230	231	232	233	234	235	236	237	238	239	240	259	260	261	262	263	264	265	266	267	268	269	270	271
12	13	14	15	16	17	18	19	20	21	22	23	31	32	33	34	35	36	37	38	39	40	41	42	43	44	45	46	47	57	58	59	60	61	62	63	64	65	66	67	68	69	70	87	88	89	90	91	92	93	94	95	96	97	98	99	100	101	102	103	104	104	105	106	107	108	109	110	111	112	113	114	115	116	117	118	119	120	121	122	141	142	143	144	145	146	147	148	149	150	151	152	153	154	155	156	157	158	159	160	161	162	163	164	165	166	187	188	189	190	191	192	194	195	196	197	198	199	200	201	202	203	204	205	212	213	214	215	216	217	218	219	220	221	222	223	224	225	228	229	230	231	232
3	4	5	6	7	8	9	10	11	12	13	14	15	16	17	18	19	20	21	22	23
4	5	6	7	8	9	10	11	12	13	14	15	16	17	18	19	20	21	22	23	24	25	26	27	28	36	37	38	39	40	41	42	43	44	45	46	47	48	49	50	51	52	53	54	55	56	57	58	60	61	62	63	64	65	66	67	68	69	70	71	72	73	74	75	79	80	81	82	83	84	85	86	87	88	89	90	91	92	93	94	95	96	97	100	101	102	103	104	105	106	107	108	109	110	111	112	113	114	115	116	117	118	119	120	121	122
7	8	9	10	11	12	13	39	40	41	42	43	44	45	46	47	48	49	50	51	52	53	54	55	56	57	58	67	68	69	70	71	72	73	76	77	78	79	80	81	82	83	84	85	86	87	88	89	106	107	108	109	110	111	112	113	114	115	116	117	118	119	120	121	122	123	124	125	126	155	156	157	158	159	160	161	162	163	164	165	166	167	183	184	185	186	187	188	189	190	219	220	221	222	223	236	237	238	239	240	241	242	243	244	245	246	247	247	248	249	250	251	252	253	254	255	256	280	281	282	283	284	285	286	287	288	289	290	291	292	293	294	295	296	297	298	299	315	316	317	318	319	320	321	322	323	324	325	326	327	328	329	337	338	339	340	341	342	343	350	351	352	353	354	355	356	357	358	359	360	361	362	363	364	365	366	367
6	7	8	9	10	11	12	13	14	15	16	17	18	20	21	22	23	24	25	26	27	28	29	30	31	32	33	34	35	36	37	49	50	51	52	53
8	9	10	11	12	13	14	15	16	17	18	19	20	21	22	23	24	25	28	29	30	31	32	33	34	35	36	37	47	48	49	50	51	52	53	54	55	56	57	63	64	65	66	67	68	69	70	71	72	73	74	75	76	78	79	80	81	82	83	84	85	86	87	88	89	91	92	93	94	95	96	97	98	99	100	101	102	103
17	18	19	20	21	22	23	24	25	26	27	28	29	30	31	32	33	34	35	36	37	38	39	65	66	67	68	69	70	71	72	73	74	75	76	77	78	79	80	81	82	83	84	85	86	96	97	98	99	100	101	102	103	104	105	106	107	108	109	110	111	135	136	137	138	139	140	141	142	143	144	145	146	147	148	149	166	167	168	179	180	181	182	183	184	185	186	187	188	189	190	196	197	198	199	200	201	202	203	203	204	205	206	207	208	209	210	211	212	213	214	215	216	217	230	231	232	249	250	251	252	253	254	255	256	257	258	259	260	261	262	263	264	275	276	277	278	279	281	282	283	284	285	286	287	288	289	290	291	292	293	294	295	296	297	298	299	300
4	5	6	7	8	9	10	11	12	13	14	15	16	17	18	19	20	21	22	35	36	37	38	39	40	41	42	43	46	47	48	49	50	51	52	53	54	55	56	57	58	59	60	61	62	63	64	76	77	78	79	80	81	82	83	84	85	86	87	88	89	104	105	106	107	108	109	110	111	112	113	122	123	124	125	126	127	128	149	150	151	152	153	154	155	156	157	158	159	160	161	162	163	164	173	174	175	176	177	178	179	180	181	185	186	187	188	189	190	214	215	216	217	218	219	220	221	222	223	224	225	226	232	233	234	235	236	237	238	239	240	241	242	243	244	245	246	247	248	249	250	251	252	253	254	255	256	257	258	259	260	261	263	264	265	266	267	268	269	270	271	272	273	274	299	300	301	302	303	304	305	306	307	308	309	310	311	312	313	314	315	316	317	318	319	341	342	343	344	345	346	347	348	349	350	351	352	353	354	355	356	357	358	359	360	361	362	363	364
81	82	83	84	85	86	87	88	89	90	99	100	101	102	103	104
4	5	6	7	8	9	10	11	12	13	14	15	16	17	18	19	20	21	22	23	24	29	30	31	32	33	34	35	36	37	38	39	40	41	42	43	44	45	48	49	50	51	52	53	54	55	56	57	58	59	60	61	62	63	64	65	66	67	68	69	70	71	72	73	74
26	27	28	29	30	31	32	33	34	35	36	37	38	57	58	59	60	61
96	97	98	99	100	101	118	119	120	121	122	123	124	125	126	127	128	129	130	131	132	133	134	135	136	142	143	144	145	146	147	148	149	150	151	152	153	154	155	156	157	158	159	160
9	10	11	12	13	14	15	16	17	18	23	24	25	26	27	28	29	30	31	32	33	34	35	38	39	40	41	42	44	45	46	47	48	49	50	51	52	53	54	55	56	57	58	71	72	73	74	75	76	77	78	79	80	94	95	96	97	98	99	100	101	102	103	104	105	106	107	119	120	121	122	123	124	125	126	127	128	129	130	147	148	149	150	151	152	153	154	155	156	157	158	171	172	173	174	175	176	177	178	183	184	185	186	187	188	189	190	191	192	193	194	195	196	197	198	199
46	47	48	49	50	51	52	53	64	65	66	67	68	90	91	92	93	94	95	96	97	98	99	100	110	111	112	113	114	115	116	117	118	119	120	192	193	194	195	196	197	198	199	200	201	202	203	204	214	215	216	217	218	232	233	234	235	236	237	238	239	240	241	242	243	244	245	246	260	261	262	263	264	265	266	267	268	269	270	271	279	280	281	282	283	284	285	286	287	288	289	290	307	308	309	310	311	313	314	315	316	317	318	319	320	331	332	333	334	335	353	354	355	356	357	358	359	360	361	362	363	364	365	366	380	381	382	383	384	385	386	387	388	389	390	391	392	403	404	405	406	407
10	11	12	13	14	15	16	24	25	26	27	28	29	30	31	32	51	52	53	54	55	56	57	58	59	60	61	62	63	67	68	69	70	71	72	73	74	75	76	77	78	79	80	81	82	83	84	85	86	87	90	91	92	93	94	95	96	97	98	99	100	101	102	103	104	120	121	122	123	124	125	126	127	128	129	151	152	153	154	155	156	157	158	167	168	169	170	171	172	173	174	175	176	177
16	17	18	19	20	21	22	23	24	25	26	27	28	40	41	42	43	44	45	46	47	48	49	50	51	52	53	54	55	69	70	71	72	73	74	75	76	77	78	79	80	81	82	83	84	85	86	87	88	89	90	91	100	101	102	103	104	106	107	108	109	110	111	112	113	114	115	116	117	118	119	120	121	122	123	124	125	126	127	128	129	130	131	131	132	133	134	135	136	137	138
3	4	5	6	7	8	9	10	11	12	13	59	60	61	62	63	64	65	78	79	80
103	104	105	106	107	108	109	110	111	112	114	115	116	117	118	119	120	121	122	123	177	178	179	180	181	182	183	184	185	186	187	188	189	212	213	214	215	216	223	224	225	226	227	228	229	230	231	232	233	234	235	236	237	238	239	240	241	242	243	244	245	246	247	248	249	250	251	252	253	254	255	256	257	304	305	306
81	82	83	84	85	86	87	88	89	90	99	100	101	102	103	153	154	155	156	157	189	190	191	192	193	197	198	199	200	249	250	251	252	262	263	264	265	275	276	277	278	279	330	331	332	333	334
8	9	10	11	12	13	14	15	16	17	18	19	20	21	22	23	24	25	26	27	40	41	42	43	44	45	46	47	48	49	50	51	52	53	54	79	80	81	82	83	84	85	86	87	88	89	90	91	92	95	96	97	108	109	110	111	112	113	114	115	116	117	118	119	120	121	122	123	158	159	160	161	162	163	164	165	166	167	168	169	171	172	173	174	175	183	184	185	186	187	188	189	199	200	201	202	203	204	205	206	207	208	209	210	211	212	218	219	220	221	222	223	224	225	226
6	7	8	9	15	16	17	18	19	20	21	22	23	24	25	26	27	28	29	30	42	43	44	115	116	117	118	119	120	121	122	123	124	125	126	127	128	129	154	155	156	157	158	159	160	161	162	163	164	165	166	167	168	169	170	171	190	191	192	193	194	195	196	197	198	199	200	201	204	205	206	207	208	209	209	210	211	212	213	214	215	216	217	218	219	220	221	222	223	224	225	226	227	258	259	260	261	262	263	264	265	266	267	268	269	270	271	272	273	274	275	276	277	278	279	280	281	281	282	283	284	285	286	287	288	289	333	334	335	336	337	338	339	340	341	342	343	344	345	346	347	348	349	352	353	354	355	356	357	358	359	360	361	362	363	364	365	366	367	368	369	373	374	375	376	406	407	408	409	410	411	412	413	414	415	416	417	418	419	420	421	424	425	426	427	428	429	430	431	432
2	3	4	5	6	7	8	9	10	11	12	13	14	15	91	92	93	94	95	96	97	98	99	100	101	102	103	104	105	106	107	108	109	110	111	112	113	114	115	116
range[0]	range[0]
18	19	20	21	22	23	24	25	26	27	28	46	47	48	49	50	53	54	55	56	57	58	59	60	61	62	63	81	82	83	84	85	86	87	88	89	90	91	142	143	144	145	146	147	148	149	150	152	153	154	155	156	157	158	159	160	161	177	178	179	180	181	182	183	194	195	196	197	206	207	208	209	210	211	212	213	214	215	219	220	221	222	223	263	264	265	288	289	290	291	321	322	323	324	325	326	327	328	329	330	331	347	348	349	350	351	352	353	354	355
2	3	4	5	6
14	15	16	17	18	19	25	26	27	28	29	30	31	32	33	34	35	36	37	38	39	55	56	57	58	59	60	61	62	63	64	65	66	67	68	82	83	84	85	86	87	88	89	90	91	92	104	105	106	107	108	109	110	111	112	113	115	116	117	118	119	120	121	122	123	124	125	126	127	128	129	130	131	132	133	154	155	156	157	158	159	160	161	162	163	164	165	166	167	168	183	184	185	186	187	188	189	190	191	192	193	194	195	196	197	198	199	200	201	213	214	215	216	217	218	219	220	221	222	223	224	250	251	252	253	254	255	256	257	258	259	260	261	262	268	269	270	271	272	273	274	275	276	277	278	279	280	281	282	283	289	290	291	292	293	294	295	296
11	12	13	14	15	16	17	18	19	20	21	30	31	32	33	34	35	36	37	38	39	40	41	42	43	44	45	59	60	61	62	63	64	65	66	67	68	81	82	83	84	85	86	87	90	91	92	93	94	95	96	97	98	99	100	101	102	103	104
32	33	34	35	36	37	38	39	40	70	71	72	73	74	75	76	77	78	84	85	86	87	88	89	90	91	92	93	94	111	112	113	114	115	116	117	118
10	11	12	13	14	15	16	17	18	19	20	21	22	23	24	25	30	31	32	33	52	53	54	55	56	57	58	59	60	61	65	66	67	68	69	70	71	72	73	74	75	76	77	78	79	80	81	82	83	84	100	101	102	103	104	105	106	107	108	109	110	111	112	113
10	11	12	13	14	15	16	17	18	19	20	21	22	23	24	25	26	27	28	29	30	31	32	33	34	35	36	37	38	41	42	43	44	45	46	47	48	49	50	51	52	53	54	55	56	57	58	59	60	61	62	63	64	65	66	67	68	69	70	71	79	80	81	82	83	84	85	86	87	88	89	90	91	92	95	96	97	98	99	100	101	102	103	104	113	114	115	116	117	118	119	120	123	124	125
2	3	4	5	6	7	8	9	10	11	12	13	14	15	16	17	18	19	20	21	22	23	24	25	26	27	28	29	38	39	40	41	42	43	44	45	46	47	48	49	50	51	52	53	54	55	56	57	58	59	60	61	62	63	64	65	66	67	68	69	70	71	77	78	79	80	81	82	83	84	85	86	87	88	89	90	91	92	93	94	95	96	97	98	99	100	101	102	103	104	105	106	107
10	11	12	13	14	15	16	25	26	27	32	33	34	35	36	37	38	39	40	41	42	59	60	61	62	63	64	65	66	67	68	69	70	71	72	73	74	75	76	86	87	88	89	90	91	106	107	108	109	110	111	112	113	125	126	127	128	129	130	131	132	133	134	160	161	162	163	164	165	166	167	186	187	188	189	190	200	201	202	203	208	209	210	211	212	213	214	215	216	217	218	219	220	221	222	223	224
30	31	32	33	34	35	39	40	41	42	52	53	54	55	56	57	58	59	60	61
14	15	16	17	18	19	20	21	22	23	24	25	26	27	28	57	58	59	60	61	62	63	64	65	74	75	76	80	81	82	85	86	87	88	89	90	91	116	117	118	119	124	125	126	127	128	129	130	131	154	155	156	157	158	159	160	161	162	163	164	165	166	167	168	169	186	187	188	189	190	191	192	193	194	195	196	197	198	199	201	202	203	204	205	215	216	217	218	219	220	221	222	232	233	234	235	236	237	238	239	240	241	242	243	275	276	277	278	279	280	281	282	283	284	285	286	288	289	290	291	292	293	294	295	312	313	314	315	316	317	318	323	324	325	326	327	328	329	330	331	332	346	347	348	349	350	351	352	353	354	355	357	358	359	360
2	3	4	5	6	34	35	36	37	38	39	40	43	44	45	46	47	48	49	50	51	52	73	74	75	76	77	78	79	80	81	82	83	84	85	86	87	88	89	109	110	111	112	113	114	115	116	117	118	119	120	121	122	123	148	149	150	151	152	153	154	155	156	157	158	159	160	161	162	173	174	175	176	179	180	181	182	183	205	206	207	208	209	210	211	212	213	214	215	216	217	239	240	241	242	243	244	245	246	247	248	249	250	251	283	284	285	288	289	290	291	292	293	294	295	296	297	298
3	4	5	6	7	8	9	10	11	12	13	14	15	16	17	22	23	24	25	26	27	28	29	30	31	32	33	34	35	36	37	38	39	40	41	42	43	51	52	53	54	55	58	59	60	61	62	63	64	65	66	67	68	69	70	71	72	73	74	75	76	77	78	81	82	83	84	85	86	87	88	89	88	89	90	91	91	92	93	94	95	96	100	101	102	103	104	105	106	107	108	109	110	111	112	113	114	115	116	117	118	122	123	124	125	126	127	128	129	130	131	132	133	134	135	136	137	138	139
82	83	84	85	86	87	88	123	124	125	126	127	128	129	130	131	132	133	134	135	136	156	157	158	159	160	183	184	185	186	187	202	203	204	205	206	207	208	209	210	211	257	258	259	260	261	262	263
50	51	52	53	54	77	78	79	80	81	82	83	208	209	210	211	212	213	214
range[0]	range[0]
4	5	6	7	8	9
145	146	147	148	149	165	166	167	168	169	170	171	172	173	174
range[0]	range[0]
15	16	17	18	19	20	30	31	32	33	50	51	52	53	54
1	2	3	4	5	6	7	8	9	10	11	12	13	14	15	25	26	27	28	29	30	31	32	33	34	35	36	37	38	43	44	45	46	47	48	49	50	51	52	53	54	55	56	57	58	59	60	61	62	72	73	74	75	76	77	78	79	80	81	82	83	84	89	90	91	92	93	94	95	96	97	98	99	100	101	102	103	113	114	115	116	117	118	119	120	121	122	127	128	129	130	131	132	133	134	135	136	137	147	148	149	150	151	152	153	154	155	156	157	158	159
4	5	6	7	8	9	10	11	12	13	14	15	16	17	18	19	20	21	22	23	24	25	26	27	28	29	30	31	32	33	34	35	37	38	39	40	41	42	52	53	54	55	56	59	60	61	62	63	64	65	66	67	68	69	70	71	72	73	74	75	76	77	78	83	84	85	86	87	88	89	90	91	92	93	94	95	101	102	103	104	105	106	107	108	109	110	111	112	113	114	115	116	117	118	120	121	122	125	126	127	128	129	130	131	132	133	134	135	136	137	138	139	140	141	142	143	144	145	146	147	148	149
115	116	117	118	119
12	13	14	15	16	17	18	19	22	23	24	25	26	27	49	50	51	52	53	54	55	56	57	58	59	60	61	62	63	64	65	67	68	69	70	71	72	73	74	75	76	77	78	79	80	81	82	83	84	85	86	87	88	89	90	109	110	111	112	113	114	115	116	117	118	119	120	121	122	123	124	125	126	127	128	129	130	131	170	171	172	173	174	175	176	177	178	179	180	181	182	183	191	192	193	194	195	196	197	198	226	227	228	229	230	231	232	233	234	235	236	243	244	245	246	247	251	252	253	254	255	256	259	260	261	262	263	264	265	266	267	268	271	272	273	274	275	276	277	278	279	307	308	309	310	311	312	313	314	315	316	317	318	319	320	321	322	323	324	325	326	327	328	329	358	359	360	361	362	363	364	365	366	367	368	369	370	371	372	373	374	375	409	410	411	412	413	414	415	416	417	418	419	420	421	422	429	430	431	432	433	434	435	436	437	439	440	441
104	105	106	194	195	196	197	198	199	200	201	202	218	219	220	221	222	223	237	238	239	240	241	242	243	244	245	246	247	248	249	250	265	266	267	268	269	271	272	273	274	275	276	277	278	279	280	281	306	307	308	309	310	311	312	313	314	330	331	332	333	334	335	336	337	338	339	340	341	342	343	344	347	348	349
4	5	6	7	8	9	10	11	12	13	14	16	17	18	19	20	21	22	23	24	25	26	27	28	29	36	37	38	39	40	41	42	43	44	45	46	47	48	49	50	51	52	53	114	115	116	117	118	119	120	121	122	123	124	125	126	127	128	128	129	130	131	132	133	134	135	136	137	138	164	165	166	167	168	169	170	171	172	173	174	175	176	177	184	185	186	187	209	210	211	212	213	214	215	216	217	218	219	220	221	222	223	224	225	226	227	228	229	255	256	257	258	259	260	283	284	285	286	287	288	289	290	291	292	293	294	295	296	297	298	299	300	301	302	303	304	305	306	307	308
23	24	25	26	27	28	29	30	31	32	33	34	56	57	58	59
15	16	17	18	19	20	21	22	23	26	27	28	29	30	31	32	33	34
3	4	5	6	7	8	9	10	11	12	13	14	15	16	17	18	19	20	21	22	30	31	32	33	34	35	36	37	38	39	40	41	42	43	46	47	48	49	50	51	52	53	54	55	56	57	65	66	67	68	69	70	71	72	73	74	75	76	77	78	79	80	81	104	105	106	107	108	109	110	111	112	113	126	127	128	129	130	131	132	133	134	135	136	137	138	139	140	141	142	176	177	178	179	180	236	237	238	239	240	241	242	243	244	245	246	247	248	249	250	251	252	253	254	255	276	277	278	279	280	281	282	283	286	287	288	289	290
27	28	29	30	31	32	33	34	35	36	37	38	39	40	54	55	56	57	58	59	60	61	62	63	64	65	92	93	94	95	96	97	98	99	100	102	103	104	105	106	107	117	118	119	120	121	122	123	124	125	126	127
47	48	49	50	51	52	53	54	55	56	57	58	59	87	88	89	90	91	92	93	94	95	100	101	102	103	104	105	106	107	108	109	110	111	112	113	114	115	116	117	118	119	120	121	129	130	131	182	183	184	185	186	187	192	193	194	195	196	197	198	199	200	201	202	203	204	205	206	207	208	209	210	221	222	223	224	225	226	227	228	229	230	231	232	233	234	235	236	237	238	239	240	241	242	245	246	247	248	249	250	251	252	253	254	255	256	257	258	265	266	267	268	269	270	271	272	273	274	275	276	277	278	279	280
3	4	5	36	37	38	39	40	41	43	44	45	46	47	63	64	65	66	67	68	69	70	71	84	85	86	87	88	89	90	91	92	93	94	95	96	97	98	99	100	101	102	103	125	126	127	128	129	130	131	132	133	134	135	136	137	138	139	140	141	154	155	156	157	158	167	168	169	170	171	172	173	174	175	176	177	178	179	180	181	182	183	184	186	187	188	189	190	191	192	193	194	195	196	197	198	199	207	208	209	210	211	212	213	214	215	216	217	218	219	220	221	226	227	228	229	230	231	232	232	233	234	235	236	237	238	239	240	241	242	243	244	245	246	247	248	252	253	254	255	256	257	258	259	260	261	262	263	264	265	266	267	268	269	270	271	272	273	293	294	295	296	297	298	299	300	301	302	303	304	354	355	356	357	358	359	360	361	362	363	367	368	369	370	371	372	373	374	375
2	3	4	5	6	7	8	9	10	11	15	16	17	18	19	20	21	22	23	24	25	37	38	39	40	41	42	91	92	93	94	95	96	97	98	99	100	101	187	188	189	190	191	192	193	194	195	196	197	198	199	219	220	221	222	223	224	225	226	227	228	229	230	231	232	233	234	235	236	237	240	241	242	245	246	247	248	249	250	251	252	253	254	263	264	265	266	267	268	269	270	271	272	273	274	275	276	277	278	279	280	284	285	286	287	288	289	290	291	292	293
12	13	14	15	16	17	18	19	20	21	22	23	24	25	26	35	36	37	38	39	56	57	58	59	60	61	62	63	64	65	84	85	86	87	88	89	90	91	92	93	94	95	96	97	98	99	100	101	110	111	112	113	114	121	122	123	124	125	126	127	128	129	130	131	132	133	134	135	136	137	138	139	140	141	177	178	179	180	181	182	183	184	185	186	187
49	50	51	52	53	54	55	66	67	68	69	70	77	78	79	80	81	82	83	84	85	112	113	114	115	116	117	118	119	120	121	122	123	124	125	126	127	128	129	130	131	132	133	148	149	150	151	152	153	154	155	156	157	158	159	160	161	162	163	172	173	174	175	176	177	178	179	180	228	229	230	231	232	233	234	235	236	237	238	239	240	241	242	243	244	245	246	247	248	249	255	256	257	258	259	260	261	262	263	264	265	266	267	268	269	270	271	272	273	298	299	300	301	302	303	304	305	305	306	307	308	309	310	311	312	312	313	314	315	316	317	318	319	320	321	322	323	324	326	327	328	329	330	337	338	339	340	341	342	343	344	345	346	347	348	349	350	351	352	353	366	367	368	369	370	371	372	373	374	375	376	377	378	379	380
9	10	11	12	13	14	15	16	17	18	19	20	21	22	127	128	129	130	131	132	151	152	153	154	155	156	157	158	159	160	161	162	163	164	165	178	179	180	181	182	216	217	218	219	220	221	222	223	224
10	11	12	13	14	15	16	17	18	19	20	21	22	23	39	40	41	42	43	44	45	46	47	48	49	50	67	68	69	70	71	72	73	74	75	76	77	78	79	88	89	90	91	92	93	94	95	96	97	98	99	100	101	102	103	104	105	106	107	108	109	110	111	112	113	114	115	116	117	118	119	119	120	121	122	123	124	125	126	127	128	129	130	131	132	133	134	135	136	137	138	139	140	141	142	143	144	145	146	156	157	158	159	160	161	162	163	164	165	166	167	168	169	170	171	172	179	180	181	182	183	184	185	186	187	188	189	190	191	192	193	194	195	196	199	200	201	202	203
9	10	11	12	13	14	15	16	17	18	19	20	21	22	23	24	25	26	37	38	39	40	41	42	43	44	45	46	47	48	49	64	65	66	67	68	69	70	71	72	73	74	75	76	84	85	86	87	88	89	90	91	92	93	94	95	96	97	98	99	100	101	102	118	119	120	121	122	159	160	161	162	163	245	246	247	248	249	250	251	252	253	254	255	256	257	258	259	289	290	291	292	293	294	295	296	297	298	299	300	301	302	303	304	305	306	307	308	309	310	311	312	313
13	14	15	16	17	18	19	20	21	22	23	24	25	26	27	37	38	39	40	41	42	43	44	45	46	47	48	49	50	51	64	65	66	67	68	69	70	71	72	73	74	75	76	77	78	79	80	100	101	102	103	104	105	106	107	108	109	110	111	112	113	113	114	115	116	117	118	119	120	121	122	123	124	138	139	140	141	142	143	144	145	146	147	149	150	151	152	153	154	155	156	157	158	162	163	164	165	166	167	168	169	170	171	172	173	174	175	176	177	178	179	190	191	192	193	194	195	196	197	198	199	200	201	202	203	204	205	206	207	208	209	210	211	212	213	214	241	242	243	244	245	246	246	247	248	249	250	251	252	253	254
2	3	4	5	6	7	8	9	10	11	12	13	14	42	43	44	45	46	64	65	66	67	68	69	70	71	72	80	81	82	83	84	85	86	87	88	89	90	91	92	93	94	95	96	103	104	105	106	107	116	117	118	119	120	121	122	123	124	125	126	127	128	129	142	143	144	145	146	147	148	149	150	151	152	153	167	168	169	170	171	172	173	174	175	176	177	178	179	180	181	182	183	184	185	186	187	188	189	209	210	211	212	213	214	215	216	217	218	219	220	221	222	223	246	247	248	249	250	278	279	280	281	282	283	284	285	286	287	288	289	290	296	297	298	299	300	301	302	303	304	305	306	307	308	309	310	311	312	313	314	315	316	317	318	319	320	321	322	323	324	325	326	327	328	329	330	331	332	333	334	335	336	337	338	339	340	341	366	367	368	369	370	371	372	372	373	374	375	376	377	385	386	387	388	406	407	408	409	410	411	412	413	414	415	416	417	418	419	420	421	422	423	424	425
5	6	7	8	9	10	11	12	13	18	19	20	21	22	23	24	25	26	27	28	47	48	49	50	51	52	106	107	108	109	110	111	112	113	114	115	116	117	118	119	120	121	122	123	124	125	126	127	157	158	159	160	161	162	163	164	165	171	172	173	174	175	176	177	178	179	180	181	182	183	184	185	186	187	188	189	190	191	192	200	201	202	218	219	220	221	222	235	236	237	238	239	240	241	242	243	244	245	246	251	252	253	254	255	256	257	258	259	260	261	262	263	264	265	266	267	268	276	277	278	279	280	281	282	283	284	285	286	287	288	289	292	293	294	295	296	297	298	301	302	303	304	305	345	346	347	348	349	350	355	356	357	358	359	360	361	362	363	364	365	366	369	370	371	372	373	375	376	377	378	379	380	381	382
29	30	31	32	33	34	35	36	37	38	39	40	41	42	119	120	121	122	123	135	136	137	138	139	140	141	142	143	144
8	9	10	11	12	13	14	15	16	17	18	19	20	21	27	28	29	30	31	32	33	34	35	36	37	38	39	40	41	42	43	44	45	46	47	48	49	50	51	52	53	54	55	56	84	85	86	87	88	89	90	90	91	92	93	94	95	96	97	98	99	100	101	102	103	104	105	106	107	108	109	112	113	114	115	116	117	118	119	120	121	122	123	124	125	126	127	128	177	178	179	180	181	182	183	184	185	186	187	188	189	190	191	192	193	194	195	196
33	34	35	36	37	38	39	40	41	42	43	44	45	46	123	124	125	126	127	139	140	141	142	143	144	145	146	147	148
186	187	188	189	190	191	192	193	194	195	196	197	198	199	200	201	202	203	204	258	259	260	261	262	314	315	316	317	318
4	5	6	7	8	9	10	11	12	13	14	26	27	28	29	30	31	32	33	43	44	45	46	47	48	49	50	51	52	55	56	57	58	59	60	61	62	63	64	65	66	67	68	69	70	71	72	73	74	75	76	77	78	79	80	87	88	89	90	91	92	93	94	95	96	97	98	99	112	113	114	115	116	117	120	121	122	148	149	150	151	152	153	154	179	180	181	182	183	184	185	186	187	188	189	206	207	208	209	210	211	229	230	231	232	233	234	245	246	247	248	249	250	251	252	253	254	255	256	257	258	259	260	261	262	263	264	265	266	267	268	269	270	271	272	273	274
24	25	26	27	28	29	30	31	32	33	34	35	36	37	38	39	46	47	48	49	50	51	52	53	54	55	56	57	58	59	60	61	62	63	64	65	69	70	71	72	73	80	81	82	83	84	88	89	90	91	92	93	94	95	96	97	98	99	100	101	137	138	139	140	141	142	143	144	145	146	147	148	149	150	151	163	164	165	166	167	168	169	170	171	172	193	194	195	196	197	198	199	200	201	202	203	231	232	233	234	235	236	237	238	239	240	241	242	244	245	246	247	248	249	250	251	252	253	254	255	256	266	267	268	269	270	271	272	273	274	275	282	283	284	285	286	287	288	289	290	291	301	302	303	304	305
50	51	52	66	67	68	69	70	71	72	73	74	88	89	90	91	173	174	175	176	177	178	180	181	182	183	184	185	186	187	188	202	203	204	205	211	212	213	214	215
12	13	14	17	18	19	20	21	22	23	24	25	26	27	28	29	30	31	32	33	34	35	59	60	61	62	63	64	65	66	67	68	69	70	91	92	93	94	95	96	97	98	99	100	101	112	113	114	115	116	117	118	119	120	121	136	137	138	139	140	141	142	143	144	145	146	147	148	149	150	166	167	168	169	170	171	172	176	177	178	194	195	196	197	198	199	200	201	202	203	204	205	206	207	217	218	219	220	221	238	239	240	241	242	243	244	245	246	247	255	256	257	258	259	260	280	281	282	283	290	291	292	293	294	295	296	297	298	299	300	301	302	303	304	305	306	307	308	309
15	16	17	18	19	20	21	22	23	24	25	26	64	65	66	67	68	69	70	71	72	73	74	75	86	87	88	89	90	91	92	93	94	95	96	97	98	99	100	101	102	103	104	105	120	121	122	123	124	127	128	129	130	131	132	133	134	135	136	137	138	139	152	153	154	155	156	157	158	159	160	161	162	163	164	165	166	167	168
1	2	3	4	5	6	7	8	9	10	11	12	13	14	15	16	17	21	22	23	24	25	41	42	43	44	45	46	47	48	49	50	51	52	53	54	55	56	57	58	59	60	61	62	63	64	65	66	68	69	70	71	72	73	74	75	76	77	78	79	80	81	82	83	84	85	86	87	88	89	90	91	92	93	94	95	114	115	116	117	118	119	120	121	122	123	124	125	126	127	128	129	130	131	132	133	134	135	136	137	138	139	140	142	143	144	145	146	147	148	149	150	151	152	153	154	155	164	165	166	167	168	169	170	171	172	173	174	175	176	177	178	179	180	181	182	183	184	185	186	187	192	193	194	195	196	197	198	199	200	201	202	203	204	205	206	207	208	209	210	211	212	213	214	215	216	217	218	219	220	221	222	223	224	225	226	229	230	231	232	233	234	235