3	4	5	6	7	8	9	33	34	35	36	37	38	58	59	60	61	62	63	83	84	85	86	87	88	103	104	105	106	107	108	135	136	137	138	139	140	169	170	171	198	199	200	201	202	203	224	225	226	227	228	229	230	231	246	247	248	249	250	251	252	280	281	282	286	287	288	289	290
3	4	5	6	7	8	9	27	28	29	30	31	32	33	34	48	49	50	64	65	66	67	68	87	88	89	90	91	115	116	117	118	140	141	142	143	144	145	146	147	148	149	150	182	183	184	185	186	187	188	189	190	191	192	193	196	197	198	199	200	201	202	203	204	205	206	207	210	211	212	213	214	215	216	217	219	220	221	222	223	224	225	226	227	228	229	230	234	235	236	237	238	246	247	248	262	263
16	17	18	25	26	27	28	29	30	31	32	33	34	35	36	101	102	103	107	108	109	128	129	130	131	132	146	147	148	149	150	151	152	153	154	155	158	159	160	161	162	163	164	165	166	167	168	169	170	198	199	200	201	202	203	204	205	206	207	208	209	210	230	231	232	233	234	246	247	248	249	250
178	179	188	189	210	211	212	213	214	220	221	222	223	224	229	230
range[0]	range[0]
range[0]	range[0]
3	4	5	6	7	8	9	12	13	14	15	16	17	18	84	85	86	87	88
26	27	28	29	30	31	32	57	58	59	60	61	62	63	64	65	151	152	153	154	155	156	157	161	162	163	164	165	166
8	9	22	23
16	17	18	19	20	21	41	42	43	49	50	51	52	53	54	58	59	60	61	62	63	68	69	70	71	72	101	102	103	104	105	106	110	111	112	113	114	115	120	121	122	123	124	126	127	128	131	132	133	134	146	147	148	154	155	156	157	158	159	163	164	165	166	167	168	173	174	175	176	177	222	223	224	225	226	227	228	231	232	233	234	235	236	241	242	243	244	245	276	277	278	279	280	281	285	286	287	288	289	290	295	296	297	298	299	327	328	329	330	331	332	336	337	338	339	340	341	346	347	348	349	350	379	380	381	382	383	384	385	386	390	391	392	393	394	395	396	397
53	54	55	59	60	61	67	68	69	70	100	101	102	105	106	107	108	109	110	111	112	113	114	112	113	114	121	122	123	127	128	129	130	131	132	133	151	152	153	154	166	167	168	169	170	171	178	179	180	181	182	215	216	217	218	219	220	230	231	232	233	234	235	236	237	238	239	231	232	233	244	245	246
12	13	14	15	16	17	18	23	24	25	26	27	28	29	30	31	37	38	39	40	41	42	43	44	75	76	77	78	79	80	81	82	113	114	115	116	117	177	178	179	180	181	200	201	202	203	204	220	221	234	235	236	237	256	257	280	281
3	4	5	6	7	8	36	37	38	39	40	41	42	57	58	59	60	61	62	63	64	74	75	76	77	78	113	114	115	116	117	118	119	120
4	5	6	7	8	9	10	11	14	15	16	17	18	19	20	21	67	68	69	70	71	76	77	78	79	80	81	82	83	84	85	88	89	90	91	92	93	94	100	101	102	116	117	118	119	120	121	122	123	124	125	117	118	119	130	131	132	133	134	135	137	138	139	140	174	175	176	177	205	206	207	208	209	222	223	224	225	233	234	235	236	245	246	247	248	253	254	255	256	269	270	271	272	273	274	275	278	279	280	281	282	283	284
range[0]	range[0]
0
4	5	6	7	8	9	10	31	32	33	34	35	36	37	38	43	44	45	86	87	88	89	90	110	111	112	139	140	165	166	167	168	169	170	171	282	283	284	285	286	287	288	289	290	291	296	297	298	299	300	301	302	303	304	305	318	319	320	321	322	323	324	331	332	333	334	335
2	3	17	18	68	69	70	138	139	151	152
8	9	10	11	40	41	42	82	83	84	85	86	87	106	107	108	109	110	111	112	197	198	199	200	201	202	203	219	220	228	229	253	254	255	256	257	258
31	32	33	34	35	96	97	98	99	100
11	12	17	18	24	25	26	29	30	31	36	37	38	39	40	41	42	43	49	50	51	52	53	54	55	56	57	58	66	67	68	76	77	78	81	82	83	97	98	99	100	101	107	108	109	110	111	117	118	119	130	131	141	142	143	149	150	151	156	157	158	163	164	165	166	167	168	169	170	171	176	177	178	179	180	181	182	183	184
11	12	13	14	15	16	42	43	44	45	46	47	48	49	50	64	65	66	67	68	73	74	75	94	95	96	97	98
20	21	22	23	24	82	83	84	85	86	87	88	89	90	97	98	99	100	101	102	103
2	3	4	5	6	28	29	30	31	55	56	57	58	61	62	63	64
range[0]	range[0]
34	35	36	37	38	39	59	60	61	62	63	64	65	86	87	103	104	105	106	126	127	128	129	154	155	156	181	182	183	184	185	186	187	188	189	232	233	234	235	236	237	238	239	240	254	255	256	257	258	259	260	261	266	267	268	269	270	271	272	278	279	280	281	282	283	284	285	289	290	291	292	303	304	305	306	307	310	311	312	313	314	371	372
28	29	30	31	85	86	87	88
2	3	4	7	8	9	24	25	26	27	28	29	30	31	32	35	36	77	78	79	80	81	82	83	84	101	102	103	104	105	106	107	121	122	123	124	125	161	162	163	164	165	171	172	173	178	179	180	181	182	183	178	179	180	181	182	183	186	187	188	189	190	186	187	188	189	190	215	216	217	218	219	215	216	217	218	219	231	232	233	234	235	231	232	233	234	235	241	242	243	244	245	246	247	241	242	243	244	245	246	247	250	251
2	3	4	9	10	11	12	13	14	15	24	25	26	50	51	52	53	54	60	61	62	63	80	81	82	83	84	85	86	87
6	7	8	9	29	30	31	32	33	52	53	54	55	74	75	76	77	101	102	103	104	121	122	123
23	24	25	26	27	28	23	24	25	26	27	28	31	32	33	34	35	36	37	31	32	33	34	35	36	37	44	45	46	47	48	49	50	51	52	44	45	46	47	48	49	50	51	52	76	77	78	79	80	81	82	83	84	89	90	91	92	93	94	95	96	107	108	109	110	111	112	113	114	115	116	117	118	107	108	109	110	111	112	113	114	115	116	117	118	121	122	123	124	125	126	127	128	121	122	123	124	125	126	127	128	139	140	142	143	146	147	148	149	150	151	152	153	146	147	148	149	150	151	152	153	156	157	158	159	160	161	162	163	164	165	166	156	157	158	159	160	161	162	163	164	165	166	168	169
15	16	19	20	34	35	36	37	38	39	63	64	65	66	67	68	69	89	90	91	92	93	109	110	111	112	113	119	120	121	122	123	124
2	3	4	5	6	7	8	9	12	13	14	15	16	17	18	35	36	37	38	39	40	41	42	43	35	36	37	38	39	40	41	42	43	68	69	70	71	72	73	74	75	68	69	70	71	72	73	74	75	87	88	89	87	88	89	93	94	120	121	137	138	139	140	148	149	148	149	187	188	189	190	191	211	212	213	214	215	216	231	232	233	234	256	257	258	259	294	295	296	297	331	332	333	334	363	364	365	366	385	386	387	388
3	4	5	6	7	8	9	17	18	19	20	28	29	30	31	32	49	50	51	52	53	75	76	77	78	79	80	81	82
4	5	6	7	8	9	10	94	95	96	97	98	99	100	121	122	123	124	125	126	157	158	159	160	161	194	195	196	197	198	199	200	234	235	236	237	238	239	266	267	268	269	298	299	300
62	63	64	65	66	70	71	72	73	74	75	81	82	83	84	85	86	87	105	106	111	112	113	144	145	146	147	148	149	150	172	173	174	175	178	179	182	183	184	185	186	188	189	190	191	192	193	194	195	196	206	207	208	209	210	211	212	222	223	224	225	226	227	228	249	250	251	252	253	254	255	258	259	260	261	262	263	264	321	322	326	327	329	330	331	332	333	334	335	336	337	338	343	344	345	346	347	348	349	350	351	372	373	374	375	383	384	409	410	411	412	425	426	429	430	444	445	446
103	104	105
9	10	11	12	48	49	50	51	52	53	54	57	58	59	60	61	62	63	64	65	66	67	68	69	70	71	57	58	59	60	61	62	63	64	65	66	67	68	69	70	71	74	75	76	77	78	79	80	81	82	83	84	85	86	74	75	76	77	78	79	80	81	82	83	84	85	86	113	114	115	116	117	113	114	115	116	117	132	133	132	133	138	139	140	141	142	145	146	147	148	156	157	158	159	160	156	157	158	159	160	171	172	173	174
4	5	6	7	57	58	59	60	61	62	63	64	66	67	68	73	74	75	76	77	78	93	94	95	96	97	98	99	100	101	115	116	117	118	119	120	125	126	127	128	133	134	135	136	137	140	141	142	143	144	145	146	147	148	157	158	159	160	161	162	170	171	172	173	174	175	176	177	178	181	182	183	184	185	186	187	188	189	190	201	202	203	204	205	233	234	235	246	247	248	249	268	269	270	271	272	273	274	283	284	285	286	287	288	289	290	304	305	306	307	308	309	310	311	312	313	314	317	318	319	320	328	329	330	331	332	338	339	340	341	342	343	351	352	353	354	355	356	357	358	361	362	363	364	365	366
7	8	9	10	14	15	16	17	18	27	28	29	30	31	32	33	39	40	41	42	43	44	45	51	52	53	54	57	58	59	60	65	66	67	68	69	70	71	72	86	87	88	89	90	91	92	93	114	115	116	117	118	119	120	121	122	123
173	174	175	176	177	180	181	182	183	184
97	98	99	118	119	120	121	122	130	131	132	133	134	135	136	137	138	139	140	141	144	145	146	147	148	149	150	151	152	153	154	187	188	189
3	4	5	6	7	8	9	10	32	33	34	35	44	45	46	47	48	49	55	56	57	58	59	64	65	66	92	93	94	95	96	97	98	120	121	122	123	124	125	126	127	128	129	130	153	154	155	156	157	181	182	183	223	224	225	226	227	228	229	230	254	255	256	257	258	259	260	261	268	269	270	271	272	273	274	275	278	279	280	281	282	283	284	285	286	294	295	296	297	298	299	300	301
6	7	8	9	10	11	12	13	14	15	16	17	18	19	31	32	33	34	41	42	43	44	45	46	49	50	51	52	53	54	55	56	57	58	59	62	63	64	65	66	67	68	69	70
range[0]	range[0]
16	17	99	100
11	12	50	51	52	53	54	55	56	57	58	70	71	72	73	74	75	76	77	78	87	88	89	90	91	92	93	94	104	105	106	107	108	128	129	130	131	132	133	134	135	136	142	143	144	145	146	147	148	149	150	156	157	158	159	160	161	162	163	164	165	166	167	168	173	174	175	176	177	178	179	180	181	182	183	184	185	213	214	215	216	217	218	219	220	223	224	225	226	227	228	229	230	231	278	279	280	281	282	283	284	285	291	292	293	294	295	296	297	298	299	300	309	310	311	312	313	314	315	316	309	310	311	312	313	314	315	316	319	320	321	322	323	324	325	326	327	319	320	321	322	323	324	325	326	327	341	342	343	344	345	346	347	348	341	342	343	344	345	346	347	348	356	357	363	364	365	366	367	377	378	379	380	381	382	383	377	378	379	380	381	382	383	390	391	392	393	394	395	396	397	390	391	392	393	394	395	396	397	409	410	414	415	416	417	418	419	422	423	424	425
44	45	46	61	62	63	66	67	68	72	73	74	102	103	104	123	124	125	126	127	149	150	151	152	153	224	225	226	227	228	229	230	246	247	248	249	278	279	280	301	302	303	350	351	352
16	17	18	32	33	34	37	38	39	40	41	42	43	44	45	46	47	48	49	50	74	75	76	77	78	79	80
84	85	86	94	95	96	97	98	106	107	108	109	110	122	123	124	125	126	137	138	139	144	145	146	147	148	149	150	151	152	159	160	161	162	163	164	165	166	176	177	178	179	180	186	187	188	189	190	191	192	193	199	200	201	202	203	204	205	206	207	208	214	215	216	217	218	219	220	221	222	223	224	229	230	231	232	233	234	235	251	252	253	254	255	256	257	260	261	262	263	264	265	266	272	273	274	275	276	277	278	279	280	281	282
8	9	10	11	12	13	14	15	16	17	18	33	34	35	36	37	38	43	44	45	64	65	66	67	68	69	70	71	72	73	74	75	76	83	84	92	93	94	102	103	104	111	112	113	116	117	118	119	120	121	122	123	124	125	126	127	128
42	43	44	45	59	60	61	62	63	64	65	66	90	91	92	93	94	98	99	100	101	102	103	104	107	108	109	110	111	112	113	114	115	199	200	201	202	207	208	209	210	215	216	217	218	221	222	223	224	225	277	278	279	280	281	282	283	284	315	316	317	318	319	320	321	322	326	327	328	329	330	331	332	333	341	342	343	344	345	346	347	348	368	369	370	373	374	375	376	377	378	379	413	414	415	416
98	99	100	101	102	103	121	122	123	124	125	126	127	161	162	163	164	168	169	170	171	172	195	196	197	198	199	200	225	226	227	228	229	230	231	232	279	280	281	282	283	284	320	321	322	323	324	325	326	327
9	10	11	12	13	16	17	18	19	20	21	24	25	26	27	28	29	34	35	36	37	38	39	42	43	44	45	46	47	76	77	78	79	80	81	82	83	88	89	90	91	92	95	96	97	98	99	106	107	108	109	114	115	116	117	123	124	125	126	127	128	154	155	156	157
4	5	6	7	8	9	10	4	5	6	7	8	9	10	30	31	32	33	30	31	32	33	95	96	97	98	99	95	96	97	98	99	117	118	119	120	121	117	118	119	120	121	138	139	140	141	142	138	139	140	141	142	167	168	169	167	168	169	176	177	178	184	185	186	187	188	191	192	193	194	195	196	197	198	199	200	191	192	193	194	195	196	197	198	199	200	220	221	222	223	224	225	226	227	228	229	230	220	221	222	223	224	225	226	227	228	229	230	239	240	241	242	239	240	241	242	245	246	247	248	249	245	246	247	248	249	254	255	256	257	258	254	255	256	257	258	262	263	293	294	295	296	297	298	299	300	301	302	303	304	311	312	313	314	315	318	319	320	321	322	323	324	325
51	52	170	171
9	10	11	15	16	17	18	31	32	33	34	35	36	37	38	31	32	33	34	35	36	37	38	49	50	51	52	53	54	55	56	57	58	59	60	61	49	50	51	52	53	54	55	56	57	58	59	60	61	70	71	72	73	74	75	76	77	78	80	81	82	83	84	89	90	91	92	93	96	97	98	99	100	107	108	109	110	116	117	118	119	120	121	122	123	124	136	137	138	139	146	147	154	155	156	157	158	168	169	170	171	172	173	174	175	191	192	193	194	195	196	197	199	200	201	202	203	204	207	208	209	210	211	212	216	217	218	219	225	226	227	228	229	230	236	237	238	239	240	241	242	243
24	25	26	27	28	29	38	39	40	41	42	43	49	50	51	52	53	54	55
5	6	7	8	9	10	11	12	17	18	19	20	21	22	23	24	28	29	30	31	32	33	57	58	59	63	64	65	66	67	68	69	70	71	74	75	76	77	78	79	80	81	82	87	88	89	90	91
172	173	174	175	176	177	182	183	184	185	186	187
2	3	4	5	6	25	26	27	28	29	57	58	59	60	74	75	76	77	99	100	101	102	107	108	109	110	113	114	115	116	132	133	134	135	136	150	151	152	153	154	155	174	175	176	177	178	179
142	143	148	149	217	218	219	220	221	228	229	230	231	232	233	239	240	241	242	243	244
2	3	4	5	21	22	23	50	51	52	64	65	66	67	68	69	72	73	74	75	76	77	95	96	98	99	100	113	114	119	120	155	156	157	195	196	197	198	199	200	224	225	226	227	228	229	230	273	274	275	276	277	278	279	311	312	313	314	338	339	343	344	360	361	362	363	364	365	368	369	370	371	372	378	379	380	381	382	383	384	395	396	397	398	399	400	401	402	408	409	410	411	412	413	414	415	450	451	452	453	454	462	463	464	465	466	467	468	469	473	474	475	476	477	478	479	480	481
3	4	5	6	7	8	3	4	5	6	7	8	34	35	36	37	38	39	34	35	36	37	38	39	58	59	60	61	62	58	59	60	61	62	86	87	88	89	90	91	92	93	94	95	96	97	98	99	100	101	102	209	210	211	212	213	225	226	227	228	229	230	231	232	233	234	235	236	237	225	226	227	228	229	230	231	232	233	234	235	236	237
2	3	4	5	6	7	8	27	28	29	30	31	32	36	37	38	39	40	41	47	48	49	50	51	52	53	57	58	59	60	61	62	63	66	67	68	69	70	71	72	73	76	77	78	79	80	86	87	88	89	90	91	92	93	94	95	95	96	97	98	99	100	101	102	103	106	107	108	109	110	111	112	113	114	115	116	117	125	126	127
range[0]	range[0]
56	57	58	59	60	79	80	81	82	83	105	106	107	108	136	137	138	139	140	141	142	143	170	171	172	173	174	175	200	201	202	203	214	215	216	217	218	281	282	283	284	291	292	293	294	295	296	320	321	322	323	324
3	4	5	6	7	8	9	11	12	15	16	17	18	24	25	26	27	28	35	36	37	42	43	44	45	46	111	112	113	118	119	120	130	131	140	141	142	143	147	148	149	152	153	154	155	173	174	175	178	179	180	183	184	190	191	196	197	198	210	211	212	213	216	217	218	229	230	231	232	233	234	235
2	3	4	5	6	7	41	42	43	44	69	70	71	72	73	109	110	111	112	113	114	115	141	142	143	144	165	166	167	168	169	170	188	189	190	191	192	193	234	235	236	237	238	239
12	13	14	15	16	17	23	24	25	26	27	28	29	30	35	36	37	38	39	40	61	62	63	64	65	66	104	105	106	107	108	109	127	128	129	130	131	132	133	257	258	259	260	261	262	284	285	286	287	288
4	5	6	7	8	46	47	48	49	54	55	56	57	58	59	60	65	66	67	68	69	70	71	76	77	78	79	80	81	82	83
2	3	4	5	6	7	23	24	25	26	27	28	29	61	62	63	64	65	66	67	92	93	94	95	101	102	103
6	7	8	9	10	11	12	13	14	40	41	42	43	44	45	46	58	59	60	87	88	89	90	91	92	93	94	95	96
26	27	28	29	30	55	56	57	58	59	60	61	62	87	88	89	90	91	128	129	130	161	162	165	166	249	250	253	254	295	296	297	301	302	303	304	305	308	309
7	8	9	10	11	23	24	25	26	27	28	29	32	33	34	35	36	37	38	39	32	33	34	35	36	37	38	39	42	43	44	45	46	42	43	44	45	46	52	53	54	55	56	52	53	54	55	56	74	75	76	77	78	79	80	81	74	75	76	77	78	79	80	81	86	87	88	89	90	91	92	93	94	95	86	87	88	89	90	91	92	93	94	95	98	99	132	133	134	135	138	139	140	158	159	160	161	162	163	164	165	173	174	175	176	177	178	179	180	181
35	36	37	38	42	43	44	45	46	60	61	62	63	64	65	66	67	68	69	70	60	61	62	63	64	65	66	67	68	69	70	74	75	76	77	78	79	80	74	75	76	77	78	79	80	134	135	136	140	141	142	143	144	145	165	166	167	168	169	170	171	172	173	174	175	165	166	167	168	169	170	171	172	173	174	175	182	183	184	185	186	187	188	189	190	182	183	184	185	186	187	188	189	190
4	5	6	7	12	13	14	15	21	22	23	24	25	26	27	32	33	34	35	36	37	38	39	67	68	69	70
4	5	6	7	8	9	10	11	12	45	46	47	48	49	50	51	75	76	77	78	79	80	81	82	89	90	91	92	93	94	119	120	121	122	123	124	125	138	139	140	141	142	143	144	145	184	185	186	187	188	189	192	193	194	195	196	205	206	207	208	209	210	214	215	216	217	218	219	224	225	226	227	228	229	232	233	234	235	236	237	241	242	243	253	254	255	256	257	265	266	267	268	278	279	280	281	286	287	288	289	290	297	298	299	300	301	305	306	307	308	309	314	315
4	5	6	7	8	9	10	14	15	16	17	18	19	20	40	41	42	43	44	45	46	56	57	58	59	60	61
range[0]	range[0]
2	3	4	49	50	51	52	53	54	60	61	62	63	64	65	72	73	74	75	76	77	78	96	97	98	99	100	101	102	103	104	118	119	120	121	122	123	124	134	135	136	137	138	141	142	162	163	164	165	166	169	170	171	186	187	188	189	191	192	193	195	196	202	203
6	7	13	14	15	16	17	18	27	28	29	30	34	35	36	37	38	39	40	41	42	51	52	53	54	55	56	57	58	61	62	63	85	86	87	88	89	90	91	92	93	104	105	106	107	108	109	110	111	112	115	116	117	118	119	120	121	122	125	126	127	128
13	14	15	16	17	37	38	39	40	41	42	63	64	65	66	67	86	87	88	89	126	127	128	129	130	147	148	199	200	201	202	203	204	205	207	208	209	244	245	246	247	248	269	270	271	272	275	276	277	308	309
19	20	21	22	23	24	28	29	30	31	32	33	34	35	36	37	44	45	46	47	48	49	55	56	57	58	59	60	65	66	67	68	69	70	71	72
12	13	14	15	16	17	53	54	55	56	57	58	79	80	81	82	83	106	107	108	109	110	111	131	132	133	134	135	160	161	162
11	12	19	20	39	40	41	42	43	49	50	51	52	53	54	88	89	90	107	108	109	110	111	117	118	119	120	121	122
17	18	19	20	21	22	23	26	27	28	29	30	31	32	33	60	61	62	63	64	65
4	5	6	7	33	34	35	36	37	38	39	40	33	34	35	36	37	38	39	40	46	47	48	46	47	48	93	94	95	96	99	100	101	102	139	140	141	142	143	144	178	179	180	181	203	204	205	206	207	208	217	218	219	225	226	227	248	249	250	251	281	282	314	315	316	317
23	24	29	30	31	32	33	34	51	52	53	54	65	66	71	72	73	91	92	93	94	102	103	104	105	110	111	115	116	117	118	119	120	162	163	216	217	224	225	229	230	231	232	237	238	239	240	241	258	259	260	261	274	275	281	282	300	301	302	303	311	312	313	314	319	320	324	325	326	327	328	329	372	373	374	375
2	3	4	5	14	15	16	17	18	19	20	25	26	27	28	29	30	34	35	36	37	38	39	40	41	46	47	48	49	50	51	52	53	54	59	60	61	62	63	64	65	66	70	71	72	73	74	75	76	81	82	83	84	92	93	94	104	105	106	107	108	109	110	114	115	116	117	118	119	123	124	125	126	127	137	138	139	140	141	153	154	155	156	157	158	162	163	164	165	166	167	171	172	173	174	175	176	186	187	188	189	196	197	198	199	200	201	208	209	210	211	212	213	217	218	219	220	221	222	236	237	238	239	254	255	256	257	258	259	266	267	268	269	270	275	276	277	278	279	284	285	286	287	288	296	297	298	299	300	301	302	306	307	308	309	310	311	312	332	333	334	335	336	337
52	53	54	55	56	57	58	59	60	61	62	82	83	84	85	86	87	88	89	93	94	95	96	97	98	99	100	101	102	103
3	4	5	6	7	8	9	34	35	36	37	38	60	61	67	68	75	76	95	96	97	98	99	100	101	102	162	163	164	165	166	197	198	199	200	201	218	219	220	221	254	255	256	263	264	309	310	311	312	313	314	309	310	311	312	313	314
34	35	36	37	38	82	83	84	85	86	87	88	89	92	93	94	95	96	97	98	99	100	101	118	119	120	121	122	123	124	155	156	157	158	177	178	179	180	181	182	183	188	189	190	191	192	193	194	195
44	45	46	47	48	49	50	51	52	53	58	59	60	61	62	63	64	75	76	77	93	94	95	122	123	124	125	126	127	128	134	135	136	137	138	139	140	141	142	143	232	233	234	235	236	237	238	239	240	241	246	247	248	249	250	251	252	258	259	260	261	262	263	264	280	281	282	309	310	311	312	313	314	315	321	322	323	324	325	326	327	328	329	330
34	35	36	37	38	39	40	41	42	43	44	46	47	48	49	50	51	52	125	126	127	128	129	130	131	132	133	134	141	142	143	144	145	146	147	175	176	179	180
23	24	25	26	27	28	29	30	33	34	35	36	37	38	39	40	56	57	211	212	222	223	239	240	270	271	272	273	276	277	278	283	284	285	286	292	293	294	295	296	297	298	299	300	303	304	305	306	307	308	309	315	316	317	318	319	320	321	323	324
5	6	7	10	11	12	13	14	58	59	60	61	62	63	64	65	68	69	70	71	72	73	74	75	76	77	78	79	84	85	86	87	88	89	90	91	92	121	122	123	124	125	126	127	143	144	145	146	147	148	149	150	151	152	153	159	160	161	162	163	164	165	166	167	168
4	5	6	24	25	26	27	28	29	30	31	32	40	41	42	43	44	45	46	47	52	53	54	55	76	77	78	79	100	101	102
5	6	21	22	23	24	29	30	31	32	41	42	53	54	63	64	65	66	67	70	71	72	73	77	78	79	80	81	84	85	86	87	88	92	93	103	104	105	106	107	108	109	110	103	104	105	106	107	108	109	110	115	116	117	118	115	116	117	118	132	133	134	135	136	137	138	139	140	141	132	133	134	135	136	137	138	139	140	141	157	158	164	165	168	169	170	171	178	179	180	181	185	186	187	188	303	304	305	306	307	308	309	310	311	312	313	332	333	334	335	336	337	352	353	365	366	370	371	372	373	374	375
3	4	5	6	7	8	9	33	34	35	36	37	38	69	70	71	100	101	102	103	104	105	106	127	128	129	130	131	132	166	167	168	169	170
8	9	10	11	12	33	34	35	36	37	58	59	60	61	64	65	66	67
2	3	4	5	25	26	27	28	29	42	43	44	45	46	76	77	78	79	108	109	110	119	120	121	122	125	126	127	128	131	132	163	164	165	166	192	193	194	195	215	216	217	218	247	248	249	250	251	271	272	273	304	305	306	348	349	350	351	352	368	369	370	371	372	373	374	375	376	379	380	381	382	383	384	390	391	392	393	394
2	3	4	5	6	7	8	24	25	26	27	28	29	32	33	34	35	36	37	38	39	49	50	51	52	76	77	78	107	108	109	110	129	130	131	132	133	144	145	146	147	148	161	162	163	164	165	173	174	175	176	177	178	179	182	183	184	185	186	187	188	201	202	203	204	205	267	268	269	270	271	272	273	282	283	284	285	286	287	288
2	3	4	5	6	33	34	35	36	55	56	57	58	72	73	74	75	76	77	80	81	82	83	84	85	110	111	112	120	121	122	123	124	127	128	129	130	131	149	150	151	152	153	154	155	156	159	160	161	162	163	164	165	166	167	168	171	172	173	174	175	176	177	178	179	180
3	4	5	6	7	28	29	30	31	32	95	96	97	102	103	104
92	93	94	95	107	108	109	110
5	6	7	8	13	14	15	16	17	18	13	14	15	16	17	18	35	36	37	38	35	36	37	38	43	44	45	46	47	48	43	44	45	46	47	48	57	58	59	60	61	62	63	64	65	66	67	57	58	59	60	61	62	63	64	65	66	67	94	95	96	97	102	103	104	105	106	107	124	125	126
15	16	17	18	19	44	45	46	77	78	79	80	81	82	109	110	111	129	130	131	169	170	171	173	174	175	176	182	183	184	185	186	187	188	189	190	211	212	213	214	215	216	217	242	243	244	245	246	247	248	249	275	276	277	290	291	292	295	296	297	298	299	302	303	304	305
2	3	4	5	26	27	28	29	51	52	74	75	76	77	78	125	126	127	128	129	169	170	171	172	173	174	235	236	237	238
29	30	44	45	46	48	49	57	58	59
range[0]	range[0]
2	3	4	5	59	60	93	94	101	102	131	132	133	134	173	174	175	176	177	196	197	198	199	200	201	202	203	226	227	228	229	230	231	259	260	261	262	263	264	303	304	305	306	307
2	3	4	5	46	47	56	57	58	59	65	66	67	68	69	70	74	75	76	77	78	79
range[0]	range[0]
3	4	5	6	7	8	9	42	43	44	45	46	47	48	89	90	91	92	93	94	115	116	117	118	119	170	171	172	173	174	175	192	193	194	195	223	224	225	226	227	228	266	267	268	269	270	271	272
23	24	69	70	71	72	73	74	92	93	94	95	96	116	117	118	119	120	134	135	136	137	138	139	167	168	169	170	193	194	195	196	197	208	209	210	211	212	213	280	281	282	283	284	285	286	290	291	292	293	294	295	296	297	320	321	335	336	337	338
6	7	8	9	17	18	19	20	21	22	23	24	25	29	30	31	33	34	35	36	37	38	39	40	41	42	43	52	53	54	55	56	57	58	59	60	61	52	53	54	55	56	57	58	59	60	61	64	65	66	67	78	79	114	115	116	117	118	119	120	121	122	123	124	125	137	138	139	140	141	142	143	144	145	146	147	137	138	139	140	141	142	143	144	145	146	147	150	151	152	153	154	155	156	157	158	159	160	161	162	163	150	151	152	153	154	155	156	157	158	159	160	161	162	163
0
2	3	4	5	6	7	8	9	19	20	21	22	23	24	42	43	44	45	46	47	64	65	66	67	68	69	70	71	72	73	74	75	81	82	83	84	85	86	87	88	89	90	91	92	93	94	95	96	97	98	81	82	83	84	85	86	87	88	89	90	91	92	93	94	95	96	97	98	103	104	105	106	107	108
14	15	16	17	18	19	20	21	30	31	32	39	40	41	42	43	44	45	46	47	48	49	50	51	52	53	56	57	58	59	60	61	64	65	66	67	68	74	75	76	77	78	84	85	86	87	88	89	90	91	92	111	112	113	114	115
62	63	64	65	66	86	87	88	89	90	91	113	114	115	116	117	136	137	138	139	140	141	159	160	161	162	163	164	165	166	167	168	202	203	204	205	206	207	213	214	215	216	217	218
3	4	5	6	7	8	9	18	19	20	21	22	23	26	27	28	29	30	81	82	83	84	85	106	107	108	109	141	142	143	148	149	150	151	154	155	156	157	158	159	160	169	170	171	172	173	174	175	178	179	180	181	182	208	209	210	211	212	252	253	254	255	256	274	275	276	277	278	294	295	296	324	325	326	327	340	341	342	343	344	369	370	371	372	395	396	397	398	399	413	414	422	423	424
21	22	23	39	40	41	42	49	50	88	89	106	107	108	109	110	111	140	141	160	161	162	163	164	165	180	181	182	183	204	205	206
3	4	5	6	7	8	9	32	33	34	35	36	37	38	59	60	61	62	63	64	94	95	96	97	98
25	26	27	28	29	30	31	32	33	34	35	36	37	38	39	40	45	46	47	48	49	50	51	52	53	54	55	56	57	45	46	47	48	49	50	51	52	53	54	55	56	57	72	73	74	75	76	72	73	74	75	76	85	86	87	95	96	101	102	103	104	105	101	102	103	104	105	109	110	111	112	109	110	111	112	115	116	117	118	119	120	121	133	134	135	136	137	138	139	140	141	149	150	151	152	153	170	171	172	173	174	175	176	177	178	179	180	181	182	183	190	191	192	193	194	195	196	197	198	199	200	201	202
2	3	4	5	6	7	13	14	15	16	17	18	19	20	21	28	29	30	31	32	37	38	39	46	47	48	53	54	55	56	57	58	59	60	63	64	65	66	67	68	69	70	71	76	77	78	79	80	81	97	98	99	100	125	126	127	128	141	142	143	144	145	146	152	153	154	155	156	157	162	163	164	165	166	171	172	198	199	200	201	204	205	206	207	274	275	276	277	278	279	280	281	282	287	288	289	290	291	292	299	300	301	302	314	315	316	317
5	6	7	8	9	10	29	30	31	32	33	34	35	38	39	40	41	42	43	44	45	46	47	50	51	52	53	54	55	56	57	60	61	62	71	72	73	74	75	76	92	93	94	95	96	97	107	108	109	115	116	117	118	119	120	121	127	128	129	130	131	132	133	138	139	140	141	142	143	146	147	148	149	150	151	159	160	161	162	163	164	178	179	180	181	182	183	202	203	209	210	213	214	215	216	217	218	219	222	223	224	225	226	227	228	229	230	236	237	238	239	240	241	242	245	246	247	254	255	256	257	258	259	271	272	273	274	271	272	273	274	285	286	292	293	294	295	296	297	298	304	305	306	307	308	309	310	315	316	317	327	328	336	337	338	339	340	336	337	338	339	340
2	3	4	5	6	31	32	33	34	62	63	64	65	67	68	69	99	100	128	129	130	131	153	154	155	156	178	179	180	181	193	194	195	196	197	229	230	231	232	233	234
11	12	13	36	37	38	39	40	49	50	51	52	53	54	55	58	59	60	61	62	63	64	70	71	72	73	74	89	90	91	94	95	96	103	104	105	110	111	112	136	137	138	139	140	143	144	145	146	147	176	177	178	179	180	181	182	183	184	185	186	187	236	237	238	239	245	246	247	248	249	291	292	293	294	295	296	300	301	302	303	308	309	310	311	312	313	314	315	316	319	320	321	322	323	324	325	326	327	328	329	378	379	380	389	390	398	399	400
26	27	28	29	30	31	34	35	36	37	38	39	40	41	45	46	47	48	49	50	51	71	72	73	74	75	78	79	80	81	82	83	84	85	86
4	5	6	7	8	9	10	15	16	17	18	19	20	21	22	25	26	27	28	29	30	31	36	37	38	39	40	41	42	43	44	47	48	49	50	51	52	53	54	55	58	59	60	61	62	63	64	65	66	67	70	71	72	73	74	75	76	81	82	83
3	4	5	6	7	11	12	37	38	39	40	41	42	66	67	68	69	70	71	72	94	95	96	97	98	99	107	108	109	110	111	112	113	116	117	118	119	120	121	122	136	137	138	139	140	141	166	167	168	169	199	200	201	202	203	204	227	228	229	230	227	228	229	230	243	244	252	253	254	255	256	257	258	259	260	261	252	253	254	255	256	257	258	259	260	261	266	267	268	269	270	271	272	273	274	275	276	266	267	268	269	270	271	272	273	274	275	276	283	284	285	286	283	284	285	286	301	302	303	304	305	306	311	312	313	314	315	316	317	333	334	341	342	343	344	345	346
9	10	11	12	13	14	15	18	19	20	21	22	23	24	33	34	35	36	37	40	41	42	43	45	46	47	50	51	52	53	54	55	56	62	63	64	65	66	67	68	69	70	71	76	77	78	79	80	81	82	83	84	85
7	8	9	10	43	44	47	48	78	79	96	97	98	99	100	101	102	136	137	138	139	140	141	142	172	173	174	175	176	177	203	204	205	206	207	228	229	230	231
6	7	8	9	10	24	25	26	27	49	50	51	52	53	75	76	77	78	79
8	9	10	11	22	23	24	25	26	27	28	29	30	46	47	48	49	50	51	52	53	54	55	56	59	60	61	62	63	64	65	66	67	68	97	98	99	100	101	102	103	104	105	106	107	108	124	125	126	127	128	129	130	131	132	133	134	142	143	144	145	146	147	148	149	153	154	155	156	157	158
36	37	38	39	40	95	96	97	98	99
range[0]	range[0]
range[0]	range[0]
19	20	21	22	23	46	47	48	49	79	80	81	82	83	96	97	98	99	117	118	119	120	121	122	138	139	140	141	173	174	175	176	177	195	196	197	196	197	198
2	3	4	5	6	7	8	9	10	16	17	18	19	20	21	47	48	49	71	72	73	74	75	76	77	78	79
2	3	4	5	33	34	35	36	52	53	54	55	56	100	101	102	103	104	105	107	108	109	110	111	112	147	148	149	227	228	229	230	231	245	246	247	248	262	263	264	265	266	267	268
10	11	12	15	16	17	27	28	29	30	57	58	59	60	61	62	63	92	93	94	95	96	97	98	129	130	131	132	168	169	170	192	193	194	197	198	199	225	226	227	256	257	258
range[0]	range[0]
9	10	11	12	13	14	15	16	17	18	19	20	9	10	11	12	13	14	15	16	17	18	19	20	23	24	25	26	27	28	29	44	45	46	47	48	54	55	56	57	58	68	69	70	71	72	73	74	95	96	97	98	113	114	115	116	117	118	119	140	141	142	143	144	145	146	147	168	169	170	171	172	194	195	196	197	198	199	220	221	222	223	238	239	240	241	242	248	249	250	251	281	282	283	284	285	286	287	288	289	290	304	305	306	311	312	313	314	315	316	317	318	319
1	2	3	4	5	6	7	8	9	10	11	12	13	14	15	1	2	3	4	5	6	7	8	9	10	11	12	13	14	15	18	19	20	21	22	23	24	25	26	27	28	29	30	31	32	33	34	35	39	40	41	42	43	44	45	46	59	60	61	62	63	64	65	68	69	70	71	72	73	74	118	119	120	121	122	123	124	125	128	129	130	131	132	133	134	135	148	149	150	151	152	153	154	155	156	157	158	161	162	163	164	165	166	167	168	169	170	171	181	182	183	184	185	186	187	188	189	190	191	192	195	196	197	198	199	200	201	202	203	204	205	206	227	228	229	230	231	232	233	234	235	236	237	238	239	240	243	244	245	246	247	248	249	250	251	252	253	254	258	259	260	261	262	263	264	265	266	267	268	269	270	271	275	276	277	278	279	280	281	282	283	284	285	292	293	294	295	296	297	298	299	300	301
14	15	14	15	19	20	21	22	23	19	20	21	22	23	26	27	28	29	30	31	32	33	34	35	36	37	38	39	40	41	42	43	26	27	28	29	30	31	32	33	34	35	36	37	38	39	40	41	42	43	26	27	28	29	30	31	32	33	34	35	36	37	38	39	40	41	42	43	26	27	28	29	30	31	32	33	34	35	36	37	38	39	40	41	42	43	46	47	48	49	50	51	52	53	54	55	56	57	58	59	60	61	62	63	64	65	66	67	68	69	46	47	48	49	50	51	52	53	54	55	56	57	58	59	60	61	62	63	64	65	66	67	68	69	46	47	48	49	50	51	52	53	54	55	56	57	58	59	60	61	62	63	64	65	66	67	68	69	46	47	48	49	50	51	52	53	54	55	56	57	58	59	60	61	62	63	64	65	66	67	68	69	76	77	78	79	80	81	82	76	77	78	79	80	81	82	87	88	89	90	91	92	93	94	87	88	89	90	91	92	93	94	97	98	99	100	101	102	103	104	105	97	98	99	100	101	102	103	104	105	114	115	116	117	118	119	120	121	114	115	116	117	118	119	120	121	114	115	116	117	118	119	120	121	114	115	116	117	118	119	120	121	124	125	126	127	128	129	124	125	126	127	128	129	124	125	126	127	128	129	124	125	126	127	128	129	132	133	134	135	136	137	138	132	133	134	135	136	137	138	132	133	134	135	136	137	138	132	133	134	135	136	137	138	145	146	147	148	149	150	151	152	153	154	155	156	157	158	159	160	161	162	163	164	145	146	147	148	149	150	151	152	153	154	155	156	157	158	159	160	161	162	163	164
28	29	39	40
6	7	8	9	10	19	20	21	22	23	31	32	33	34	35	36	37	38	39	40	31	32	33	34	35	36	37	38	39	40	47	48	49	50	51	52	53	54	60	61	62	63	64	65	66	67	69	70	71	72	73	74	75	76	78	79	80	81	82	83	84	92	93	94	95	96	97	98	99	100	92	93	94	95	96	97	98	99	100	103	104	105	106	107	108	109	110	103	104	105	106	107	108	109	110	112	113	114	115	116	117	118	119	112	113	114	115	116	117	118	119	130	131	132	133	152	153	154	155	156	157	158	159	160	152	153	154	155	156	157	158	159	160	183	184	185	189	190	191	192	193	197	198	199	200	201	197	198	199	200	201
7	8	9	7	8	9	19	20	21	24	25	26	32	33	34	35	36	37	38	32	33	34	35	36	37	38	52	53	54	55	56	57	52	53	54	55	56	57	61	62	63	61	62	63	72	73	74	77	78	79	85	86	87	88	89	90	91	105	106	107	108	109	110	114	115	116	125	126	127	136	137	138	139	140	141	142	136	137	138	139	140	141	142	156	157	158	159	160	161	156	157	158	159	160	161
37	38	39	40	41	42	45	46	47	48	58	59
22	23	24	69	70	71	110	111	112	144	145	146
range[0]	range[0]
6	7	8	9	6	7	8	9	18	19	20	21	22	23	24	25	26	33	34	35	36	37	38	39	33	34	35	36	37	38	39	42	43	44	45	46	47	48	49	50	51	52	53	42	43	44	45	46	47	48	49	50	51	52	53	56	57	58	59	60	61	62	63	64	65	56	57	58	59	60	61	62	63	64	65	68	69	73	74	75	85	86	87	88	89	90	91	92	96	97	98	99	100	101	104	105	106	107	108	109	110	121	122	123	124	125	126	121	122	123	124	125	126	128	129	130	131	132	133	134	135	136	137
36	37	38	39	40	41	42	43	44	45	46	47	48	36	37	38	39	40	41	42	43	44	45	46	47	48	93	94	95	96	97	93	94	95	96	97	101	102	103	104	105	106	107	101	102	103	104	105	106	107	145	146	147	148	149	150	151	152	153	154	155	156	157	158	159	145	146	147	148	149	150	151	152	153	154	155	156	157	158	159	164	165	166	167	168	169	188	189	190	203	204	205	206	207	214	215	216	217	218	219	289	290	291	292	293	294	295	296	297	298	299	300	301	302	289	290	291	292	293	294	295	296	297	298	299	300	301	302	332	333	334	335	336	337	338	339	332	333	334	335	336	337	338	339	342	343	344	345	346	347	348	349	342	343	344	345	346	347	348	349	380	381	382	383	384	385	386	387	388	389	390	391	392	393	394	395	396	397	398	399	380	381	382	383	384	385	386	387	388	389	390	391	392	393	394	395	396	397	398	399	402	403	404	405	406	407	408	426	427	428	443	444	445	461	462	463
4	5	6	7	8	9	13	14	15	16	17	18	19	30	31	32	33	34	38	39	40	41	42	43	44	45	48	49	50	51	52	53	54	55	56	48	49	50	51	52	53	54	55	56	65	66	67	68	69	74	75	76	77	78	79	80	91	92	93	91	92	93	99	100	101	102	110	111	112	113	114	115	116	117	118	119	120	125	126	127	128	129	130	131	136	137	146	147	148	149	150	151	152	155	156	157	158	159	160	161	182	183	184	185	186	187	188	207	208	209	210	211	227	228	229	230	231	232	233	256	257	258	259	260	261	262	263	285	286	287	288	289	290	291	301	302	323	324	325	326	327	328	351	352	353	354
58	59	60	61	62	63	64	65	66	73	74	75	76	77	78	79	80	81	88	89	90	91	92	93	94	95	142	143	144	145	146	147	148	149	189	190	191	192	193	194	195	196	265	266	267	268	269
1	2	3	4	5	6	7	10	11	12	13	14	15	16	17	40	41	42	43	44	45	48	49	50	64	65	66	67	68	69	70	71	72
6	7	8	9	10	11	12	13	14	39	40	41	42	43	44	45	48	49	50	51	52	53	54	60	61	62	63	64	65	70	71	72	73	81	82	83	84	85	86	87	88	89	92	93	94	95	96	97	98	105	106	107	108	109	110	111	114	115	116	117	118	119	120	121	124	125	126	127	128	129	130	131	132
27	28	29	27	28	29	90	91	92	93	94	95	96	97	98	118	119	120	121	122	159	160	161	162	163	164	165	166	167	168	181	182	183	184	185	186	187	188	191	192	193	194	195	196	197	198	199	200	201	202	203	204	205	206	207	208	209	191	192	193	194	195	196	197	198	199	200	201	202	203	204	205	206	207	208	209	214	215	216	217	218	219	220	221	214	215	216	217	218	219	220	221	225	226	227	228	229	230	231	232	225	226	227	228	229	230	231	232	259	260	261	262	263	264	265	266	268	269	270	271	272	273	274	275	308	309	310	311	312	313	314	315	316	317	340	341	342	347	348	349	350	351	352	353	347	348	349	350	351	352	353	359	360	361	362	363	364	365	359	360	361	362	363	364	365
4	5	6	7	8	9	10	4	5	6	7	8	9	10	15	16	17	47	48	49	50	51	52	53	47	48	49	50	51	52	53	71	72	73	74	75	71	72	73	74	75	88	89	90	88	89	90	109	110	111	112	113	114	109	110	111	112	113	114	130	131	132	133	134	135	136	137	138	130	131	132	133	134	135	136	137	138	146	147	157	158	170	171	172	175	176	177	178	179	180	181	182	183	184	185	175	176	177	178	179	180	181	182	183	184	185
3	4	8	9	10	11	12	13	14	15	16	17	20	21	22	23	24	25	26	27	32	33	34	35	36	37	38	39	40	67	68	69	70	71	72	73	76	77	78	79	80	81	82	123	124	133	134	147	148	155	156
7	8	9	10	11	12	13	14	15	16	17	7	8	9	10	11	12	13	14	15	16	17	50	51	52	53	118	119	120	121	122	118	119	120	121	122	148	149	150	151	287	288	289	290	291	292	287	288	289	290	291	292	317	318	319	320	321	322	323	324	325	317	318	319	320	321	322	323	324	325	331	332	333	334	335	336	337	331	332	333	334	335	336	337	340	341	351	352	353
68	69	70	71	72	73	78	79	80	81	82	83	105	106	107	108	132	133	134	139	140	141	142	143	144	145	146	147	148	152	153	154	155	156	157	158	159	160	161	167	168	169	170	171	172	173	174	175	210	211	212	213
4	5	6	7	8	28	29	30	31	32	33	48	49	50	51	69	70	71	72	104	105	106	107	108	144	145	146	147	148	152	153	154	163	164	165	174	175	176	197	198	199	200	201
4	5	6	7	8	12	13	14	15	16	17	18	19	12	13	14	15	16	17	18	19	22	23	24	25	22	23	24	25	35	36	39	40	41	46	47	48	63	64	90	91	92	93	94	97	98	99	100	101	102	103	104	107	108	109	110	111	138	139	140	141	142	143	165	166	167	168	169	170	171	193	194	195	196	197	198	199	204	205	206	207	208	209	210	211	212	215	216	217	218	219	220	221	222	223	224	278	279	280	281	282	283	284	285	286	287	290	291	292	293	294	295	296	297	332	333	334	335	336
29	30	36	37	44	45	46	47	53	54	55	56	57	58	63	64	65	66	67	75	76	77	78	85	86	87	88	89	90	91	92	93	94	85	86	87	88	89	90	91	92	93	94	105	106	113	114	115	116	117	118	119	120	121	113	114	115	116	117	118	119	120	121	138	139	140	141	142	143	144	145	146	147	138	139	140	141	142	143	144	145	146	147	170	171	172	188	189	190	191	192	193	204	205	206	207	208	209	213	214	215	254	255
3	4	5	6	28	29	30	31	57	58	59	60	63	64	65	66
2	3	4	5	6	7	31	32	33	34	35	54	55	56	57	78	79	109	110	111	112	124	125	126	130	131	132	133	136	137	138	139	142	143	144	145	146	155	156	157	166	167	168	169	170	171	172	173	176	177	178	179	180	181	192	193	194	195	196	203	204	205	206	207	208	209	210	215	216	217	218	219	220	221	240	241	263	264	265	266	267	268	269	270	271	274	275	276	277	278	279	280	281	282
5	6	7	8	30	31	32	33	34	35	56	57	58	59	82	83	84	85	86	87	127	128	129	130	131	132	133	134	135	136	220	221	222	223	224	225	266	267	268	271	272	273
51	52	53	61	62	63	109	110	111	112	113	114	134	135	136	137	155	156	157	158	161	162	165	166	193	194	195	196	226	227	228	229	230	255	256	257	258	259	260	272	273	274	275	276	277	345	346	347	355	356	357	358	359	360	382	383	397	398	399	400	401
67	68	72	73	74	75	76	77	78	79	80	81	84	85	86	87	88	89	90	91	96	97	98	99	100	101	102	103	137	138	139	140	141	142	143	146	147	148	149	150	151	194	195	204	205	206	214	215	216	223	224	316	317	318	319	325	326	327	328	330	331	337	338
5	6	7	8	9	10	11	12	15	16	17	18	19	20	21	22	23	24	55	56	57	61	62	63	64	97	98	99	100	112	113	114	115	128	129	130	131	132	133	134	156	157	158	159	160	161	162	163	164
3	4	5	6	63	64	65	66	67	68	73	74	75	76	77	78	130	131	132	133	134	135	136	137	138	144	145	146	147	148	149	154	155	156	157	158	159	168	169	170	171	172	173	174	175	203	204	205
5	6	7	8	9	10	11	12	13	14	15	16	19	20	21	22	23	24	25	26	27	28	59	60	61	65	66	67	68	101	102	103	104	116	117	118	119	132	133	134	135	136	137	138	161	162	163	164	165	166	167	168	169	170	171	172	173	174	175	176
2	3	4	5	6	7	8	15	16	17	18	19	20	30	31	32	33	34	35	36	39	40	41	42	43	44	45	51	52	53	54	55	56	57	58	66	67	68	69	70	71	72	73	80	81	82	83	84	85	86	90	91	92	93	94	101	102	103	104	105	106	112	113	114	115	116	117	124	125	126	127	128	129	134	135	136	137	138	143	144	145	146	147	148	158	159	160	161	162	163	169	170	171	172	173	174	179	180	181	182	183	211	212	213	218	219	220	230	231	232	233	234	237	238	239	240	241	246	247	248	249	250	251	252	269	270	271	272	273	274	275	276	287	288	289	295	296	297	298	299	305	306	307	308	309	319	320	321	322	323	332	333	334	335	336	337	343	344	345	346	347	348	352	353	354	355	356	357
20	21	22	23	24	102	103	104	105	106	107	124	125	126	129	130	131	132	133	134	135	136	142	143	144	167	168	169	170	171	194	195	196	197	198	220	221	222	223	224	239	240	241	242	243
4	5	6	12	13	14	18	19	42	43	44	74	75	76	77	78	79	107	108	109	110	157	158	159	160	182	183	184	185	186	206	207	208	209	210	259	260
2	3	2	3	12	13	14	15	16	17	18	12	13	14	15	16	17	18	31	32	33	34	35	36	37	38	39	40	31	32	33	34	35	36	37	38	39	40	45	46	47	48	56	57	58	59	81	82	83	84	85	86	81	82	83	84	85	86	107	108	109	110	111	112	113	114	115	116	117	107	108	109	110	111	112	113	114	115	116	117	119	120	129	130	131	132	133	134	135	148	149	150	151	152	153	154	155	156	157	160	161	162	163	164	165	166	167	168	169	170	195	196	197	198	199	200	222	223	224	225	226	227	228	229	230	231	232
48	49	50	51	52	53	74	75	76	77	78	79	104	105	106	107	108	125	126	127	128	157	158	159	160	161	181	182	183	184	185	211	212	213	214	226	227	228	229	266	267	268	269
2	3	4	5	6	7	8	9	38	39	40	41	42	43	44	45	46	49	50	51	52	53	54	55	56	57	77	78	79	80	81	82	83	111	112	113	114	115	116	141	142	143	144	145
97	98	103	104	105	111	112	113